# test_Lib_CrystalStructureFactor v.0.0.1
 element           g       T (K)       V (V)         Re(U_g)         Im(U_g)                xi_g
Au         0   0   0     300.000  200000.000     29.81959444      2.33350441        144.10869629
Au        -1  -1  -1     300.000  200000.000     18.49006567      2.19982886        231.48723745
Au         1   1   1     300.000  200000.000     18.49006567      2.19982886        231.48723745
Au         0   0  -2     300.000  200000.000     16.62588405      2.15757146        257.10255773
Au         0  -2   0     300.000  200000.000     16.62588405      2.15757146        257.10255773
Au        -2   0   0     300.000  200000.000     16.62588405      2.15757146        257.10255773
Au         2   0   0     300.000  200000.000     16.62588405      2.15757146        257.10255773
Au         0   2   0     300.000  200000.000     16.62588405      2.15757146        257.10255773
Au         0   0   2     300.000  200000.000     16.62588405      2.15757146        257.10255773
Au         0  -2  -2     300.000  200000.000     11.97669287      1.99882032        354.98922527
Au        -2   0  -2     300.000  200000.000     11.97669287      1.99882032        354.98922527
Au         2   0  -2     300.000  200000.000     11.97669287      1.99882032        354.98922527
Au         0   2  -2     300.000  200000.000     11.97669287      1.99882032        354.98922527
Au        -2  -2   0     300.000  200000.000     11.97669287      1.99882032        354.98922527
Au         2  -2   0     300.000  200000.000     11.97669287      1.99882032        354.98922527
Au        -2   2   0     300.000  200000.000     11.97669287      1.99882032        354.98922527
Au         2   2   0     300.000  200000.000     11.97669287      1.99882032        354.98922527
Au         0  -2   2     300.000  200000.000     11.97669287      1.99882032        354.98922527
Au        -2   0   2     300.000  200000.000     11.97669287      1.99882032        354.98922527
Au         2   0   2     300.000  200000.000     11.97669287      1.99882032        354.98922527
Au         0   2   2     300.000  200000.000     11.97669287      1.99882032        354.98922527
Au        -1  -1  -3     300.000  200000.000      9.87550615      1.88946665        428.69780144
Au        -1  -3  -1     300.000  200000.000      9.87550615      1.88946665        428.69780144
Au        -3  -1  -1     300.000  200000.000      9.87550615      1.88946665        428.69780144
Au         3   1   1     300.000  200000.000      9.87550615      1.88946665        428.69780144
Au         1   3   1     300.000  200000.000      9.87550615      1.88946665        428.69780144
Au         1   1   3     300.000  200000.000      9.87550615      1.88946665        428.69780144
Au        -2  -2  -2     300.000  200000.000      9.32227958      1.85468525        453.48835684
Au         2  -2  -2     300.000  200000.000      9.32227958      1.85468525        453.48835684
Au        -2   2  -2     300.000  200000.000      9.32227958      1.85468525        453.48835684
Au         2   2  -2     300.000  200000.000      9.32227958      1.85468525        453.48835684
Au        -2  -2   2     300.000  200000.000      9.32227958      1.85468525        453.48835684
Au         2  -2   2     300.000  200000.000      9.32227958      1.85468525        453.48835684
Au        -2   2   2     300.000  200000.000      9.32227958      1.85468525        453.48835684
Au         2   2   2     300.000  200000.000      9.32227958      1.85468525        453.48835684
Au         0   0  -4     300.000  200000.000      7.59591444      1.72315599        553.40196551
Au         0  -4   0     300.000  200000.000      7.59591444      1.72315599        553.40196551
Au        -4   0   0     300.000  200000.000      7.59591444      1.72315599        553.40196551
Au         4   0   0     300.000  200000.000      7.59591444      1.72315599        553.40196551
Au         0   4   0     300.000  200000.000      7.59591444      1.72315599        553.40196551
Au         0   0   4     300.000  200000.000      7.59591444      1.72315599        553.40196551
Au        -1  -3  -3     300.000  200000.000      6.65507852      1.63180651        629.05203756
Au        -3  -1  -3     300.000  200000.000      6.65507852      1.63180651        629.05203756
Au        -3  -3  -1     300.000  200000.000      6.65507852      1.63180651        629.05203756
Au         3   3   1     300.000  200000.000      6.65507852      1.63180651        629.05203756
Au         3   1   3     300.000  200000.000      6.65507852      1.63180651        629.05203756
Au         1   3   3     300.000  200000.000      6.65507852      1.63180651        629.05203756
Au         0  -2  -4     300.000  200000.000      6.38832682      1.60263199        654.45094321
Au        -2   0  -4     300.000  200000.000      6.38832682      1.60263199        654.45094321
Au         2   0  -4     300.000  200000.000      6.38832682      1.60263199        654.45094321
Au         0   2  -4     300.000  200000.000      6.38832682      1.60263199        654.45094321
Au         0  -4  -2     300.000  200000.000      6.38832682      1.60263199        654.45094321
Au        -4   0  -2     300.000  200000.000      6.38832682      1.60263199        654.45094321
Au         4   0  -2     300.000  200000.000      6.38832682      1.60263199        654.45094321
Au         0   4  -2     300.000  200000.000      6.38832682      1.60263199        654.45094321
Au        -2  -4   0     300.000  200000.000      6.38832682      1.60263199        654.45094321
Au         2  -4   0     300.000  200000.000      6.38832682      1.60263199        654.45094321
Au        -4  -2   0     300.000  200000.000      6.38832682      1.60263199        654.45094321
Au         4  -2   0     300.000  200000.000      6.38832682      1.60263199        654.45094321
Au        -4   2   0     300.000  200000.000      6.38832682      1.60263199        654.45094321
Au         4   2   0     300.000  200000.000      6.38832682      1.60263199        654.45094321
Au        -2   4   0     300.000  200000.000      6.38832682      1.60263199        654.45094321
Au         2   4   0     300.000  200000.000      6.38832682      1.60263199        654.45094321
Au         0  -4   2     300.000  200000.000      6.38832682      1.60263199        654.45094321
Au        -4   0   2     300.000  200000.000      6.38832682      1.60263199        654.45094321
Au         4   0   2     300.000  200000.000      6.38832682      1.60263199        654.45094321
Au         0   4   2     300.000  200000.000      6.38832682      1.60263199        654.45094321
Au         0  -2   4     300.000  200000.000      6.38832682      1.60263199        654.45094321
Au        -2   0   4     300.000  200000.000      6.38832682      1.60263199        654.45094321
Au         2   0   4     300.000  200000.000      6.38832682      1.60263199        654.45094321
Au         0   2   4     300.000  200000.000      6.38832682      1.60263199        654.45094321
Au        -2  -2  -4     300.000  200000.000      5.49172303      1.49181790        757.44085802
Au         2  -2  -4     300.000  200000.000      5.49172303      1.49181790        757.44085802
Au        -2   2  -4     300.000  200000.000      5.49172303      1.49181790        757.44085802
Au         2   2  -4     300.000  200000.000      5.49172303      1.49181790        757.44085802
Au        -2  -4  -2     300.000  200000.000      5.49172303      1.49181790        757.44085802
Au         2  -4  -2     300.000  200000.000      5.49172303      1.49181790        757.44085802
Au        -4  -2  -2     300.000  200000.000      5.49172303      1.49181790        757.44085802
Au         4  -2  -2     300.000  200000.000      5.49172303      1.49181790        757.44085802
Au        -4   2  -2     300.000  200000.000      5.49172303      1.49181790        757.44085802
Au         4   2  -2     300.000  200000.000      5.49172303      1.49181790        757.44085802
Au        -2   4  -2     300.000  200000.000      5.49172303      1.49181790        757.44085802
Au         2   4  -2     300.000  200000.000      5.49172303      1.49181790        757.44085802
Au        -2  -4   2     300.000  200000.000      5.49172303      1.49181790        757.44085802
Au         2  -4   2     300.000  200000.000      5.49172303      1.49181790        757.44085802
Au        -4  -2   2     300.000  200000.000      5.49172303      1.49181790        757.44085802
Au         4  -2   2     300.000  200000.000      5.49172303      1.49181790        757.44085802
Au        -4   2   2     300.000  200000.000      5.49172303      1.49181790        757.44085802
Au         4   2   2     300.000  200000.000      5.49172303      1.49181790        757.44085802
Au        -2   4   2     300.000  200000.000      5.49172303      1.49181790        757.44085802
Au         2   4   2     300.000  200000.000      5.49172303      1.49181790        757.44085802
Au        -2  -2   4     300.000  200000.000      5.49172303      1.49181790        757.44085802
Au         2  -2   4     300.000  200000.000      5.49172303      1.49181790        757.44085802
Au        -2   2   4     300.000  200000.000      5.49172303      1.49181790        757.44085802
Au         2   2   4     300.000  200000.000      5.49172303      1.49181790        757.44085802
Au        -1  -1  -5     300.000  200000.000      4.95348135      1.41443150        836.73288727
Au        -3  -3  -3     300.000  200000.000      4.95348135      1.41443150        836.73288727
Au        -1  -5  -1     300.000  200000.000      4.95348135      1.41443150        836.73288727
Au        -5  -1  -1     300.000  200000.000      4.95348135      1.41443150        836.73288727
Au         5   1   1     300.000  200000.000      4.95348135      1.41443150        836.73288727
Au         1   5   1     300.000  200000.000      4.95348135      1.41443150        836.73288727
Au         3   3   3     300.000  200000.000      4.95348135      1.41443150        836.73288727
Au         1   1   5     300.000  200000.000      4.95348135      1.41443150        836.73288727
Au         0  -4  -4     300.000  200000.000      4.22986023      1.29523284        974.38246170
Au        -4   0  -4     300.000  200000.000      4.22986023      1.29523284        974.38246170
Au         4   0  -4     300.000  200000.000      4.22986023      1.29523284        974.38246170
Au         0   4  -4     300.000  200000.000      4.22986023      1.29523284        974.38246170
Au        -4  -4   0     300.000  200000.000      4.22986023      1.29523284        974.38246170
Au         4  -4   0     300.000  200000.000      4.22986023      1.29523284        974.38246170
Au        -4   4   0     300.000  200000.000      4.22986023      1.29523284        974.38246170
Au         4   4   0     300.000  200000.000      4.22986023      1.29523284        974.38246170
Au         0  -4   4     300.000  200000.000      4.22986023      1.29523284        974.38246170
Au        -4   0   4     300.000  200000.000      4.22986023      1.29523284        974.38246170
Au         4   0   4     300.000  200000.000      4.22986023      1.29523284        974.38246170
Au         0   4   4     300.000  200000.000      4.22986023      1.29523284        974.38246170
Au        -1  -3  -5     300.000  200000.000      3.87219882      1.22905191       1061.00279202
Au        -3  -1  -5     300.000  200000.000      3.87219882      1.22905191       1061.00279202
Au        -1  -5  -3     300.000  200000.000      3.87219882      1.22905191       1061.00279202
Au        -5  -1  -3     300.000  200000.000      3.87219882      1.22905191       1061.00279202
Au        -3  -5  -1     300.000  200000.000      3.87219882      1.22905191       1061.00279202
Au        -5  -3  -1     300.000  200000.000      3.87219882      1.22905191       1061.00279202
Au         5   3   1     300.000  200000.000      3.87219882      1.22905191       1061.00279202
Au         3   5   1     300.000  200000.000      3.87219882      1.22905191       1061.00279202
Au         5   1   3     300.000  200000.000      3.87219882      1.22905191       1061.00279202
Au         1   5   3     300.000  200000.000      3.87219882      1.22905191       1061.00279202
Au         3   1   5     300.000  200000.000      3.87219882      1.22905191       1061.00279202
Au         1   3   5     300.000  200000.000      3.87219882      1.22905191       1061.00279202
Au         0   0  -6     300.000  200000.000      3.76313071      1.20781719       1090.63000773
Au        -2  -4  -4     300.000  200000.000      3.76313071      1.20781719       1090.63000773
Au         2  -4  -4     300.000  200000.000      3.76313071      1.20781719       1090.63000773
Au        -4  -2  -4     300.000  200000.000      3.76313071      1.20781719       1090.63000773
Au         4  -2  -4     300.000  200000.000      3.76313071      1.20781719       1090.63000773
Au        -4   2  -4     300.000  200000.000      3.76313071      1.20781719       1090.63000773
Au         4   2  -4     300.000  200000.000      3.76313071      1.20781719       1090.63000773
Au        -2   4  -4     300.000  200000.000      3.76313071      1.20781719       1090.63000773
Au         2   4  -4     300.000  200000.000      3.76313071      1.20781719       1090.63000773
Au        -4  -4  -2     300.000  200000.000      3.76313071      1.20781719       1090.63000773
Au         4  -4  -2     300.000  200000.000      3.76313071      1.20781719       1090.63000773
Au        -4   4  -2     300.000  200000.000      3.76313071      1.20781719       1090.63000773
Au         4   4  -2     300.000  200000.000      3.76313071      1.20781719       1090.63000773
Au         0  -6   0     300.000  200000.000      3.76313071      1.20781719       1090.63000773
Au        -6   0   0     300.000  200000.000      3.76313071      1.20781719       1090.63000773
Au         6   0   0     300.000  200000.000      3.76313071      1.20781719       1090.63000773
Au         0   6   0     300.000  200000.000      3.76313071      1.20781719       1090.63000773
Au        -4  -4   2     300.000  200000.000      3.76313071      1.20781719       1090.63000773
Au         4  -4   2     300.000  200000.000      3.76313071      1.20781719       1090.63000773
Au        -4   4   2     300.000  200000.000      3.76313071      1.20781719       1090.63000773
Au         4   4   2     300.000  200000.000      3.76313071      1.20781719       1090.63000773
Au        -2  -4   4     300.000  200000.000      3.76313071      1.20781719       1090.63000773
Au         2  -4   4     300.000  200000.000      3.76313071      1.20781719       1090.63000773
Au        -4  -2   4     300.000  200000.000      3.76313071      1.20781719       1090.63000773
Au         4  -2   4     300.000  200000.000      3.76313071      1.20781719       1090.63000773
Au        -4   2   4     300.000  200000.000      3.76313071      1.20781719       1090.63000773
Au         4   2   4     300.000  200000.000      3.76313071      1.20781719       1090.63000773
Au        -2   4   4     300.000  200000.000      3.76313071      1.20781719       1090.63000773
Au         2   4   4     300.000  200000.000      3.76313071      1.20781719       1090.63000773
Au         0   0   6     300.000  200000.000      3.76313071      1.20781719       1090.63000773
Au         0  -2  -6     300.000  200000.000      3.36953040      1.12675325       1213.19614617
Au        -2   0  -6     300.000  200000.000      3.36953040      1.12675325       1213.19614617
Au         2   0  -6     300.000  200000.000      3.36953040      1.12675325       1213.19614617
Au         0   2  -6     300.000  200000.000      3.36953040      1.12675325       1213.19614617
Au         0  -6  -2     300.000  200000.000      3.36953040      1.12675325       1213.19614617
Au        -6   0  -2     300.000  200000.000      3.36953040      1.12675325       1213.19614617
Au         6   0  -2     300.000  200000.000      3.36953040      1.12675325       1213.19614617
Au         0   6  -2     300.000  200000.000      3.36953040      1.12675325       1213.19614617
Au        -2  -6   0     300.000  200000.000      3.36953040      1.12675325       1213.19614617
Au         2  -6   0     300.000  200000.000      3.36953040      1.12675325       1213.19614617
Au        -6  -2   0     300.000  200000.000      3.36953040      1.12675325       1213.19614617
Au         6  -2   0     300.000  200000.000      3.36953040      1.12675325       1213.19614617
Au        -6   2   0     300.000  200000.000      3.36953040      1.12675325       1213.19614617
Au         6   2   0     300.000  200000.000      3.36953040      1.12675325       1213.19614617
Au        -2   6   0     300.000  200000.000      3.36953040      1.12675325       1213.19614617
Au         2   6   0     300.000  200000.000      3.36953040      1.12675325       1213.19614617
Au         0  -6   2     300.000  200000.000      3.36953040      1.12675325       1213.19614617
Au        -6   0   2     300.000  200000.000      3.36953040      1.12675325       1213.19614617
Au         6   0   2     300.000  200000.000      3.36953040      1.12675325       1213.19614617
Au         0   6   2     300.000  200000.000      3.36953040      1.12675325       1213.19614617
Au         0  -2   6     300.000  200000.000      3.36953040      1.12675325       1213.19614617
Au        -2   0   6     300.000  200000.000      3.36953040      1.12675325       1213.19614617
Au         2   0   6     300.000  200000.000      3.36953040      1.12675325       1213.19614617
Au         0   2   6     300.000  200000.000      3.36953040      1.12675325       1213.19614617
Au        -3  -3  -5     300.000  200000.000      3.11259941      1.06978211       1309.63138792
Au        -3  -5  -3     300.000  200000.000      3.11259941      1.06978211       1309.63138792
Au        -5  -3  -3     300.000  200000.000      3.11259941      1.06978211       1309.63138792
Au         5   3   3     300.000  200000.000      3.11259941      1.06978211       1309.63138792
Au         3   5   3     300.000  200000.000      3.11259941      1.06978211       1309.63138792
Au         3   3   5     300.000  200000.000      3.11259941      1.06978211       1309.63138792
Au        -2  -2  -6     300.000  200000.000      3.03322279      1.05147786       1342.67705859
Au         2  -2  -6     300.000  200000.000      3.03322279      1.05147786       1342.67705859
Au        -2   2  -6     300.000  200000.000      3.03322279      1.05147786       1342.67705859
Au         2   2  -6     300.000  200000.000      3.03322279      1.05147786       1342.67705859
Au        -2  -6  -2     300.000  200000.000      3.03322279      1.05147786       1342.67705859
Au         2  -6  -2     300.000  200000.000      3.03322279      1.05147786       1342.67705859
Au        -6  -2  -2     300.000  200000.000      3.03322279      1.05147786       1342.67705859
Au         6  -2  -2     300.000  200000.000      3.03322279      1.05147786       1342.67705859
Au        -6   2  -2     300.000  200000.000      3.03322279      1.05147786       1342.67705859
Au         6   2  -2     300.000  200000.000      3.03322279      1.05147786       1342.67705859
Au        -2   6  -2     300.000  200000.000      3.03322279      1.05147786       1342.67705859
Au         2   6  -2     300.000  200000.000      3.03322279      1.05147786       1342.67705859
Au        -2  -6   2     300.000  200000.000      3.03322279      1.05147786       1342.67705859
Au         2  -6   2     300.000  200000.000      3.03322279      1.05147786       1342.67705859
Au        -6  -2   2     300.000  200000.000      3.03322279      1.05147786       1342.67705859
Au         6  -2   2     300.000  200000.000      3.03322279      1.05147786       1342.67705859
Au        -6   2   2     300.000  200000.000      3.03322279      1.05147786       1342.67705859
Au         6   2   2     300.000  200000.000      3.03322279      1.05147786       1342.67705859
Au        -2   6   2     300.000  200000.000      3.03322279      1.05147786       1342.67705859
Au         2   6   2     300.000  200000.000      3.03322279      1.05147786       1342.67705859
Au        -2  -2   6     300.000  200000.000      3.03322279      1.05147786       1342.67705859
Au         2  -2   6     300.000  200000.000      3.03322279      1.05147786       1342.67705859
Au        -2   2   6     300.000  200000.000      3.03322279      1.05147786       1342.67705859
Au         2   2   6     300.000  200000.000      3.03322279      1.05147786       1342.67705859
Au        -4  -4  -4     300.000  200000.000      2.74302800      0.98149669       1479.54008443
Au         4  -4  -4     300.000  200000.000      2.74302800      0.98149669       1479.54008443
Au        -4   4  -4     300.000  200000.000      2.74302800      0.98149669       1479.54008443
Au         4   4  -4     300.000  200000.000      2.74302800      0.98149669       1479.54008443
Au        -4  -4   4     300.000  200000.000      2.74302800      0.98149669       1479.54008443
Au         4  -4   4     300.000  200000.000      2.74302800      0.98149669       1479.54008443
Au        -4   4   4     300.000  200000.000      2.74302800      0.98149669       1479.54008443
Au         4   4   4     300.000  200000.000      2.74302800      0.98149669       1479.54008443
Au        -1  -1  -7     300.000  200000.000      2.55058304      0.93221997       1587.27102242
Au        -1  -5  -5     300.000  200000.000      2.55058304      0.93221997       1587.27102242
Au        -5  -1  -5     300.000  200000.000      2.55058304      0.93221997       1587.27102242
Au        -1  -7  -1     300.000  200000.000      2.55058304      0.93221997       1587.27102242
Au        -5  -5  -1     300.000  200000.000      2.55058304      0.93221997       1587.27102242
Au        -7  -1  -1     300.000  200000.000      2.55058304      0.93221997       1587.27102242
Au         7   1   1     300.000  200000.000      2.55058304      0.93221997       1587.27102242
Au         5   5   1     300.000  200000.000      2.55058304      0.93221997       1587.27102242
Au         1   7   1     300.000  200000.000      2.55058304      0.93221997       1587.27102242
Au         5   1   5     300.000  200000.000      2.55058304      0.93221997       1587.27102242
Au         1   5   5     300.000  200000.000      2.55058304      0.93221997       1587.27102242
Au         1   1   7     300.000  200000.000      2.55058304      0.93221997       1587.27102242
Au         0  -4  -6     300.000  200000.000      2.49066414      0.91637200       1624.18045603
Au        -4   0  -6     300.000  200000.000      2.49066414      0.91637200       1624.18045603
Au         4   0  -6     300.000  200000.000      2.49066414      0.91637200       1624.18045603
Au         0   4  -6     300.000  200000.000      2.49066414      0.91637200       1624.18045603
Au         0  -6  -4     300.000  200000.000      2.49066414      0.91637200       1624.18045603
Au        -6   0  -4     300.000  200000.000      2.49066414      0.91637200       1624.18045603
Au         6   0  -4     300.000  200000.000      2.49066414      0.91637200       1624.18045603
Au         0   6  -4     300.000  200000.000      2.49066414      0.91637200       1624.18045603
Au        -4  -6   0     300.000  200000.000      2.49066414      0.91637200       1624.18045603
Au         4  -6   0     300.000  200000.000      2.49066414      0.91637200       1624.18045603
Au        -6  -4   0     300.000  200000.000      2.49066414      0.91637200       1624.18045603
Au         6  -4   0     300.000  200000.000      2.49066414      0.91637200       1624.18045603
Au        -6   4   0     300.000  200000.000      2.49066414      0.91637200       1624.18045603
Au         6   4   0     300.000  200000.000      2.49066414      0.91637200       1624.18045603
Au        -4   6   0     300.000  200000.000      2.49066414      0.91637200       1624.18045603
Au         4   6   0     300.000  200000.000      2.49066414      0.91637200       1624.18045603
Au         0  -6   4     300.000  200000.000      2.49066414      0.91637200       1624.18045603
Au        -6   0   4     300.000  200000.000      2.49066414      0.91637200       1624.18045603
Au         6   0   4     300.000  200000.000      2.49066414      0.91637200       1624.18045603
Au         0   6   4     300.000  200000.000      2.49066414      0.91637200       1624.18045603
Au         0  -4   6     300.000  200000.000      2.49066414      0.91637200       1624.18045603
Au        -4   0   6     300.000  200000.000      2.49066414      0.91637200       1624.18045603
Au         4   0   6     300.000  200000.000      2.49066414      0.91637200       1624.18045603
Au         0   4   6     300.000  200000.000      2.49066414      0.91637200       1624.18045603
Au        -2  -4  -6     300.000  200000.000      2.26976195      0.85571330       1776.96509222
Au         2  -4  -6     300.000  200000.000      2.26976195      0.85571330       1776.96509222
Au        -4  -2  -6     300.000  200000.000      2.26976195      0.85571330       1776.96509222
Au         4  -2  -6     300.000  200000.000      2.26976195      0.85571330       1776.96509222
Au        -4   2  -6     300.000  200000.000      2.26976195      0.85571330       1776.96509222
Au         4   2  -6     300.000  200000.000      2.26976195      0.85571330       1776.96509222
Au        -2   4  -6     300.000  200000.000      2.26976195      0.85571330       1776.96509222
Au         2   4  -6     300.000  200000.000      2.26976195      0.85571330       1776.96509222
Au        -2  -6  -4     300.000  200000.000      2.26976195      0.85571330       1776.96509222
Au         2  -6  -4     300.000  200000.000      2.26976195      0.85571330       1776.96509222
Au        -6  -2  -4     300.000  200000.000      2.26976195      0.85571330       1776.96509222
Au         6  -2  -4     300.000  200000.000      2.26976195      0.85571330       1776.96509222
Au        -6   2  -4     300.000  200000.000      2.26976195      0.85571330       1776.96509222
Au         6   2  -4     300.000  200000.000      2.26976195      0.85571330       1776.96509222
Au        -2   6  -4     300.000  200000.000      2.26976195      0.85571330       1776.96509222
Au         2   6  -4     300.000  200000.000      2.26976195      0.85571330       1776.96509222
Au        -4  -6  -2     300.000  200000.000      2.26976195      0.85571330       1776.96509222
Au         4  -6  -2     300.000  200000.000      2.26976195      0.85571330       1776.96509222
Au        -6  -4  -2     300.000  200000.000      2.26976195      0.85571330       1776.96509222
Au         6  -4  -2     300.000  200000.000      2.26976195      0.85571330       1776.96509222
Au        -6   4  -2     300.000  200000.000      2.26976195      0.85571330       1776.96509222
Au         6   4  -2     300.000  200000.000      2.26976195      0.85571330       1776.96509222
Au        -4   6  -2     300.000  200000.000      2.26976195      0.85571330       1776.96509222
Au         4   6  -2     300.000  200000.000      2.26976195      0.85571330       1776.96509222
Au        -4  -6   2     300.000  200000.000      2.26976195      0.85571330       1776.96509222
Au         4  -6   2     300.000  200000.000      2.26976195      0.85571330       1776.96509222
Au        -6  -4   2     300.000  200000.000      2.26976195      0.85571330       1776.96509222
Au         6  -4   2     300.000  200000.000      2.26976195      0.85571330       1776.96509222
Au        -6   4   2     300.000  200000.000      2.26976195      0.85571330       1776.96509222
Au         6   4   2     300.000  200000.000      2.26976195      0.85571330       1776.96509222
Au        -4   6   2     300.000  200000.000      2.26976195      0.85571330       1776.96509222
Au         4   6   2     300.000  200000.000      2.26976195      0.85571330       1776.96509222
Au        -2  -6   4     300.000  200000.000      2.26976195      0.85571330       1776.96509222
Au         2  -6   4     300.000  200000.000      2.26976195      0.85571330       1776.96509222
Au        -6  -2   4     300.000  200000.000      2.26976195      0.85571330       1776.96509222
Au         6  -2   4     300.000  200000.000      2.26976195      0.85571330       1776.96509222
Au        -6   2   4     300.000  200000.000      2.26976195      0.85571330       1776.96509222
Au         6   2   4     300.000  200000.000      2.26976195      0.85571330       1776.96509222
Au        -2   6   4     300.000  200000.000      2.26976195      0.85571330       1776.96509222
Au         2   6   4     300.000  200000.000      2.26976195      0.85571330       1776.96509222
Au        -2  -4   6     300.000  200000.000      2.26976195      0.85571330       1776.96509222
Au         2  -4   6     300.000  200000.000      2.26976195      0.85571330       1776.96509222
Au        -4  -2   6     300.000  200000.000      2.26976195      0.85571330       1776.96509222
Au         4  -2   6     300.000  200000.000      2.26976195      0.85571330       1776.96509222
Au        -4   2   6     300.000  200000.000      2.26976195      0.85571330       1776.96509222
Au         4   2   6     300.000  200000.000      2.26976195      0.85571330       1776.96509222
Au        -2   4   6     300.000  200000.000      2.26976195      0.85571330       1776.96509222
Au         2   4   6     300.000  200000.000      2.26976195      0.85571330       1776.96509222
Au        -1  -3  -7     300.000  200000.000      2.12166437      0.81293791       1897.12009349
Au        -3  -1  -7     300.000  200000.000      2.12166437      0.81293791       1897.12009349
Au        -3  -5  -5     300.000  200000.000      2.12166437      0.81293791       1897.12009349
Au        -5  -3  -5     300.000  200000.000      2.12166437      0.81293791       1897.12009349
Au        -1  -7  -3     300.000  200000.000      2.12166437      0.81293791       1897.12009349
Au        -5  -5  -3     300.000  200000.000      2.12166437      0.81293791       1897.12009349
Au        -7  -1  -3     300.000  200000.000      2.12166437      0.81293791       1897.12009349
Au        -3  -7  -1     300.000  200000.000      2.12166437      0.81293791       1897.12009349
Au        -7  -3  -1     300.000  200000.000      2.12166437      0.81293791       1897.12009349
Au         7   3   1     300.000  200000.000      2.12166437      0.81293791       1897.12009349
Au         3   7   1     300.000  200000.000      2.12166437      0.81293791       1897.12009349
Au         7   1   3     300.000  200000.000      2.12166437      0.81293791       1897.12009349
Au         5   5   3     300.000  200000.000      2.12166437      0.81293791       1897.12009349
Au         1   7   3     300.000  200000.000      2.12166437      0.81293791       1897.12009349
Au         5   3   5     300.000  200000.000      2.12166437      0.81293791       1897.12009349
Au         3   5   5     300.000  200000.000      2.12166437      0.81293791       1897.12009349
Au         3   1   7     300.000  200000.000      2.12166437      0.81293791       1897.12009349
Au         1   3   7     300.000  200000.000      2.12166437      0.81293791       1897.12009349
Au         0   0  -8     300.000  200000.000      1.90318385      0.74642629       2108.47213553
Au         0  -8   0     300.000  200000.000      1.90318385      0.74642629       2108.47213553
Au        -8   0   0     300.000  200000.000      1.90318385      0.74642629       2108.47213553
Au         8   0   0     300.000  200000.000      1.90318385      0.74642629       2108.47213553
Au         0   8   0     300.000  200000.000      1.90318385      0.74642629       2108.47213553
Au         0   0   8     300.000  200000.000      1.90318385      0.74642629       2108.47213553
Au        -3  -3  -7     300.000  200000.000      1.78677185      0.70918841       2242.23382594
Au        -3  -7  -3     300.000  200000.000      1.78677185      0.70918841       2242.23382594
Au        -7  -3  -3     300.000  200000.000      1.78677185      0.70918841       2242.23382594
Au         7   3   3     300.000  200000.000      1.78677185      0.70918841       2242.23382594
Au         3   7   3     300.000  200000.000      1.78677185      0.70918841       2242.23382594
Au         3   3   7     300.000  200000.000      1.78677185      0.70918841       2242.23382594
Au         0  -2  -8     300.000  200000.000      1.75013952      0.69719535       2288.02279603
Au        -2   0  -8     300.000  200000.000      1.75013952      0.69719535       2288.02279603
Au         2   0  -8     300.000  200000.000      1.75013952      0.69719535       2288.02279603
Au         0   2  -8     300.000  200000.000      1.75013952      0.69719535       2288.02279603
Au        -4  -4  -6     300.000  200000.000      1.75013952      0.69719535       2288.02279603
Au         4  -4  -6     300.000  200000.000      1.75013952      0.69719535       2288.02279603
Au        -4   4  -6     300.000  200000.000      1.75013952      0.69719535       2288.02279603
Au         4   4  -6     300.000  200000.000      1.75013952      0.69719535       2288.02279603
Au        -4  -6  -4     300.000  200000.000      1.75013952      0.69719535       2288.02279603
Au         4  -6  -4     300.000  200000.000      1.75013952      0.69719535       2288.02279603
Au        -6  -4  -4     300.000  200000.000      1.75013952      0.69719535       2288.02279603
Au         6  -4  -4     300.000  200000.000      1.75013952      0.69719535       2288.02279603
Au        -6   4  -4     300.000  200000.000      1.75013952      0.69719535       2288.02279603
Au         6   4  -4     300.000  200000.000      1.75013952      0.69719535       2288.02279603
Au        -4   6  -4     300.000  200000.000      1.75013952      0.69719535       2288.02279603
Au         4   6  -4     300.000  200000.000      1.75013952      0.69719535       2288.02279603
Au         0  -8  -2     300.000  200000.000      1.75013952      0.69719535       2288.02279603
Au        -8   0  -2     300.000  200000.000      1.75013952      0.69719535       2288.02279603
Au         8   0  -2     300.000  200000.000      1.75013952      0.69719535       2288.02279603
Au         0   8  -2     300.000  200000.000      1.75013952      0.69719535       2288.02279603
Au        -2  -8   0     300.000  200000.000      1.75013952      0.69719535       2288.02279603
Au         2  -8   0     300.000  200000.000      1.75013952      0.69719535       2288.02279603
Au        -8  -2   0     300.000  200000.000      1.75013952      0.69719535       2288.02279603
Au         8  -2   0     300.000  200000.000      1.75013952      0.69719535       2288.02279603
Au        -8   2   0     300.000  200000.000      1.75013952      0.69719535       2288.02279603
Au         8   2   0     300.000  200000.000      1.75013952      0.69719535       2288.02279603
Au        -2   8   0     300.000  200000.000      1.75013952      0.69719535       2288.02279603
Au         2   8   0     300.000  200000.000      1.75013952      0.69719535       2288.02279603
Au         0  -8   2     300.000  200000.000      1.75013952      0.69719535       2288.02279603
Au        -8   0   2     300.000  200000.000      1.75013952      0.69719535       2288.02279603
Au         8   0   2     300.000  200000.000      1.75013952      0.69719535       2288.02279603
Au         0   8   2     300.000  200000.000      1.75013952      0.69719535       2288.02279603
Au        -4  -6   4     300.000  200000.000      1.75013952      0.69719535       2288.02279603
Au         4  -6   4     300.000  200000.000      1.75013952      0.69719535       2288.02279603
Au        -6  -4   4     300.000  200000.000      1.75013952      0.69719535       2288.02279603
Au         6  -4   4     300.000  200000.000      1.75013952      0.69719535       2288.02279603
Au        -6   4   4     300.000  200000.000      1.75013952      0.69719535       2288.02279603
Au         6   4   4     300.000  200000.000      1.75013952      0.69719535       2288.02279603
Au        -4   6   4     300.000  200000.000      1.75013952      0.69719535       2288.02279603
Au         4   6   4     300.000  200000.000      1.75013952      0.69719535       2288.02279603
Au        -4  -4   6     300.000  200000.000      1.75013952      0.69719535       2288.02279603
Au         4  -4   6     300.000  200000.000      1.75013952      0.69719535       2288.02279603
Au        -4   4   6     300.000  200000.000      1.75013952      0.69719535       2288.02279603
Au         4   4   6     300.000  200000.000      1.75013952      0.69719535       2288.02279603
Au         0  -2   8     300.000  200000.000      1.75013952      0.69719535       2288.02279603
Au        -2   0   8     300.000  200000.000      1.75013952      0.69719535       2288.02279603
Au         2   0   8     300.000  200000.000      1.75013952      0.69719535       2288.02279603
Au         0   2   8     300.000  200000.000      1.75013952      0.69719535       2288.02279603
Au        -2  -2  -8     300.000  200000.000      1.61342383      0.65121686       2477.39712934
Au         2  -2  -8     300.000  200000.000      1.61342383      0.65121686       2477.39712934
Au        -2   2  -8     300.000  200000.000      1.61342383      0.65121686       2477.39712934
Au         2   2  -8     300.000  200000.000      1.61342383      0.65121686       2477.39712934
Au         0  -6  -6     300.000  200000.000      1.61342383      0.65121686       2477.39712934
Au        -6   0  -6     300.000  200000.000      1.61342383      0.65121686       2477.39712934
Au         6   0  -6     300.000  200000.000      1.61342383      0.65121686       2477.39712934
Au         0   6  -6     300.000  200000.000      1.61342383      0.65121686       2477.39712934
Au        -2  -8  -2     300.000  200000.000      1.61342383      0.65121686       2477.39712934
Au         2  -8  -2     300.000  200000.000      1.61342383      0.65121686       2477.39712934
Au        -8  -2  -2     300.000  200000.000      1.61342383      0.65121686       2477.39712934
Au         8  -2  -2     300.000  200000.000      1.61342383      0.65121686       2477.39712934
Au        -8   2  -2     300.000  200000.000      1.61342383      0.65121686       2477.39712934
Au         8   2  -2     300.000  200000.000      1.61342383      0.65121686       2477.39712934
Au        -2   8  -2     300.000  200000.000      1.61342383      0.65121686       2477.39712934
Au         2   8  -2     300.000  200000.000      1.61342383      0.65121686       2477.39712934
Au        -6  -6   0     300.000  200000.000      1.61342383      0.65121686       2477.39712934
Au         6  -6   0     300.000  200000.000      1.61342383      0.65121686       2477.39712934
Au        -6   6   0     300.000  200000.000      1.61342383      0.65121686       2477.39712934
Au         6   6   0     300.000  200000.000      1.61342383      0.65121686       2477.39712934
Au        -2  -8   2     300.000  200000.000      1.61342383      0.65121686       2477.39712934
Au         2  -8   2     300.000  200000.000      1.61342383      0.65121686       2477.39712934
Au        -8  -2   2     300.000  200000.000      1.61342383      0.65121686       2477.39712934
Au         8  -2   2     300.000  200000.000      1.61342383      0.65121686       2477.39712934
Au        -8   2   2     300.000  200000.000      1.61342383      0.65121686       2477.39712934
Au         8   2   2     300.000  200000.000      1.61342383      0.65121686       2477.39712934
Au        -2   8   2     300.000  200000.000      1.61342383      0.65121686       2477.39712934
Au         2   8   2     300.000  200000.000      1.61342383      0.65121686       2477.39712934
Au         0  -6   6     300.000  200000.000      1.61342383      0.65121686       2477.39712934
Au        -6   0   6     300.000  200000.000      1.61342383      0.65121686       2477.39712934
Au         6   0   6     300.000  200000.000      1.61342383      0.65121686       2477.39712934
Au         0   6   6     300.000  200000.000      1.61342383      0.65121686       2477.39712934
Au        -2  -2   8     300.000  200000.000      1.61342383      0.65121686       2477.39712934
Au         2  -2   8     300.000  200000.000      1.61342383      0.65121686       2477.39712934
Au        -2   2   8     300.000  200000.000      1.61342383      0.65121686       2477.39712934
Au         2   2   8     300.000  200000.000      1.61342383      0.65121686       2477.39712934
Au        -5  -5  -5     300.000  200000.000      1.52022443      0.61872374       2626.19375867
Au         5   5   5     300.000  200000.000      1.52022443      0.61872374       2626.19375867
Au        -1  -5  -7     300.000  200000.000      1.52022443      0.61872374       2626.19375867
Au        -5  -1  -7     300.000  200000.000      1.52022443      0.61872374       2626.19375867
Au        -1  -7  -5     300.000  200000.000      1.52022443      0.61872374       2626.19375867
Au        -7  -1  -5     300.000  200000.000      1.52022443      0.61872374       2626.19375867
Au        -5  -7  -1     300.000  200000.000      1.52022443      0.61872374       2626.19375867
Au        -7  -5  -1     300.000  200000.000      1.52022443      0.61872374       2626.19375867
Au         7   5   1     300.000  200000.000      1.52022443      0.61872374       2626.19375867
Au         5   7   1     300.000  200000.000      1.52022443      0.61872374       2626.19375867
Au         7   1   5     300.000  200000.000      1.52022443      0.61872374       2626.19375867
Au         1   7   5     300.000  200000.000      1.52022443      0.61872374       2626.19375867
Au         5   1   7     300.000  200000.000      1.52022443      0.61872374       2626.19375867
Au         1   5   7     300.000  200000.000      1.52022443      0.61872374       2626.19375867
Au        -2  -6  -6     300.000  200000.000      1.49077017      0.60825330       2677.12903217
Au         2  -6  -6     300.000  200000.000      1.49077017      0.60825330       2677.12903217
Au        -6  -2  -6     300.000  200000.000      1.49077017      0.60825330       2677.12903217
Au         6  -2  -6     300.000  200000.000      1.49077017      0.60825330       2677.12903217
Au        -6   2  -6     300.000  200000.000      1.49077017      0.60825330       2677.12903217
Au         6   2  -6     300.000  200000.000      1.49077017      0.60825330       2677.12903217
Au        -2   6  -6     300.000  200000.000      1.49077017      0.60825330       2677.12903217
Au         2   6  -6     300.000  200000.000      1.49077017      0.60825330       2677.12903217
Au        -6  -6  -2     300.000  200000.000      1.49077017      0.60825330       2677.12903217
Au         6  -6  -2     300.000  200000.000      1.49077017      0.60825330       2677.12903217
Au        -6   6  -2     300.000  200000.000      1.49077017      0.60825330       2677.12903217
Au         6   6  -2     300.000  200000.000      1.49077017      0.60825330       2677.12903217
Au        -6  -6   2     300.000  200000.000      1.49077017      0.60825330       2677.12903217
Au         6  -6   2     300.000  200000.000      1.49077017      0.60825330       2677.12903217
Au        -6   6   2     300.000  200000.000      1.49077017      0.60825330       2677.12903217
Au         6   6   2     300.000  200000.000      1.49077017      0.60825330       2677.12903217
Au        -2  -6   6     300.000  200000.000      1.49077017      0.60825330       2677.12903217
Au         2  -6   6     300.000  200000.000      1.49077017      0.60825330       2677.12903217
Au        -6  -2   6     300.000  200000.000      1.49077017      0.60825330       2677.12903217
Au         6  -2   6     300.000  200000.000      1.49077017      0.60825330       2677.12903217
Au        -6   2   6     300.000  200000.000      1.49077017      0.60825330       2677.12903217
Au         6   2   6     300.000  200000.000      1.49077017      0.60825330       2677.12903217
Au        -2   6   6     300.000  200000.000      1.49077017      0.60825330       2677.12903217
Au         2   6   6     300.000  200000.000      1.49077017      0.60825330       2677.12903217
Au         0  -4  -8     300.000  200000.000      1.38028663      0.56808753       2887.80815277
Au        -4   0  -8     300.000  200000.000      1.38028663      0.56808753       2887.80815277
Au         4   0  -8     300.000  200000.000      1.38028663      0.56808753       2887.80815277
Au         0   4  -8     300.000  200000.000      1.38028663      0.56808753       2887.80815277
Au         0  -8  -4     300.000  200000.000      1.38028663      0.56808753       2887.80815277
Au        -8   0  -4     300.000  200000.000      1.38028663      0.56808753       2887.80815277
Au         8   0  -4     300.000  200000.000      1.38028663      0.56808753       2887.80815277
Au         0   8  -4     300.000  200000.000      1.38028663      0.56808753       2887.80815277
Au        -4  -8   0     300.000  200000.000      1.38028663      0.56808753       2887.80815277
Au         4  -8   0     300.000  200000.000      1.38028663      0.56808753       2887.80815277
Au        -8  -4   0     300.000  200000.000      1.38028663      0.56808753       2887.80815277
Au         8  -4   0     300.000  200000.000      1.38028663      0.56808753       2887.80815277
Au        -8   4   0     300.000  200000.000      1.38028663      0.56808753       2887.80815277
Au         8   4   0     300.000  200000.000      1.38028663      0.56808753       2887.80815277
Au        -4   8   0     300.000  200000.000      1.38028663      0.56808753       2887.80815277
Au         4   8   0     300.000  200000.000      1.38028663      0.56808753       2887.80815277
Au         0  -8   4     300.000  200000.000      1.38028663      0.56808753       2887.80815277
Au        -8   0   4     300.000  200000.000      1.38028663      0.56808753       2887.80815277
Au         8   0   4     300.000  200000.000      1.38028663      0.56808753       2887.80815277
Au         0   8   4     300.000  200000.000      1.38028663      0.56808753       2887.80815277
Au         0  -4   8     300.000  200000.000      1.38028663      0.56808753       2887.80815277
Au        -4   0   8     300.000  200000.000      1.38028663      0.56808753       2887.80815277
Au         4   0   8     300.000  200000.000      1.38028663      0.56808753       2887.80815277
Au         0   4   8     300.000  200000.000      1.38028663      0.56808753       2887.80815277
Au        -1  -1  -9     300.000  200000.000      1.30444638      0.53967895       3053.38859619
Au        -1  -9  -1     300.000  200000.000      1.30444638      0.53967895       3053.38859619
Au        -9  -1  -1     300.000  200000.000      1.30444638      0.53967895       3053.38859619
Au         9   1   1     300.000  200000.000      1.30444638      0.53967895       3053.38859619
Au         1   9   1     300.000  200000.000      1.30444638      0.53967895       3053.38859619
Au         1   1   9     300.000  200000.000      1.30444638      0.53967895       3053.38859619
Au        -3  -5  -7     300.000  200000.000      1.30444638      0.53967895       3053.38859619
Au        -5  -3  -7     300.000  200000.000      1.30444638      0.53967895       3053.38859619
Au        -3  -7  -5     300.000  200000.000      1.30444638      0.53967895       3053.38859619
Au        -7  -3  -5     300.000  200000.000      1.30444638      0.53967895       3053.38859619
Au        -5  -7  -3     300.000  200000.000      1.30444638      0.53967895       3053.38859619
Au        -7  -5  -3     300.000  200000.000      1.30444638      0.53967895       3053.38859619
Au         7   5   3     300.000  200000.000      1.30444638      0.53967895       3053.38859619
Au         5   7   3     300.000  200000.000      1.30444638      0.53967895       3053.38859619
Au         7   3   5     300.000  200000.000      1.30444638      0.53967895       3053.38859619
Au         3   7   5     300.000  200000.000      1.30444638      0.53967895       3053.38859619
Au         5   3   7     300.000  200000.000      1.30444638      0.53967895       3053.38859619
Au         3   5   7     300.000  200000.000      1.30444638      0.53967895       3053.38859619
Au        -2  -4  -8     300.000  200000.000      1.28038672      0.53052061       3110.08142159
Au         2  -4  -8     300.000  200000.000      1.28038672      0.53052061       3110.08142159
Au        -4  -2  -8     300.000  200000.000      1.28038672      0.53052061       3110.08142159
Au         4  -2  -8     300.000  200000.000      1.28038672      0.53052061       3110.08142159
Au        -4   2  -8     300.000  200000.000      1.28038672      0.53052061       3110.08142159
Au         4   2  -8     300.000  200000.000      1.28038672      0.53052061       3110.08142159
Au        -2   4  -8     300.000  200000.000      1.28038672      0.53052061       3110.08142159
Au         2   4  -8     300.000  200000.000      1.28038672      0.53052061       3110.08142159
Au        -2  -8  -4     300.000  200000.000      1.28038672      0.53052061       3110.08142159
Au         2  -8  -4     300.000  200000.000      1.28038672      0.53052061       3110.08142159
Au        -8  -2  -4     300.000  200000.000      1.28038672      0.53052061       3110.08142159
Au         8  -2  -4     300.000  200000.000      1.28038672      0.53052061       3110.08142159
Au        -8   2  -4     300.000  200000.000      1.28038672      0.53052061       3110.08142159
Au         8   2  -4     300.000  200000.000      1.28038672      0.53052061       3110.08142159
Au        -2   8  -4     300.000  200000.000      1.28038672      0.53052061       3110.08142159
Au         2   8  -4     300.000  200000.000      1.28038672      0.53052061       3110.08142159
Au        -4  -8  -2     300.000  200000.000      1.28038672      0.53052061       3110.08142159
Au         4  -8  -2     300.000  200000.000      1.28038672      0.53052061       3110.08142159
Au        -8  -4  -2     300.000  200000.000      1.28038672      0.53052061       3110.08142159
Au         8  -4  -2     300.000  200000.000      1.28038672      0.53052061       3110.08142159
Au        -8   4  -2     300.000  200000.000      1.28038672      0.53052061       3110.08142159
Au         8   4  -2     300.000  200000.000      1.28038672      0.53052061       3110.08142159
Au        -4   8  -2     300.000  200000.000      1.28038672      0.53052061       3110.08142159
Au         4   8  -2     300.000  200000.000      1.28038672      0.53052061       3110.08142159
Au        -4  -8   2     300.000  200000.000      1.28038672      0.53052061       3110.08142159
Au         4  -8   2     300.000  200000.000      1.28038672      0.53052061       3110.08142159
Au        -8  -4   2     300.000  200000.000      1.28038672      0.53052061       3110.08142159
Au         8  -4   2     300.000  200000.000      1.28038672      0.53052061       3110.08142159
Au        -8   4   2     300.000  200000.000      1.28038672      0.53052061       3110.08142159
Au         8   4   2     300.000  200000.000      1.28038672      0.53052061       3110.08142159
Au        -4   8   2     300.000  200000.000      1.28038672      0.53052061       3110.08142159
Au         4   8   2     300.000  200000.000      1.28038672      0.53052061       3110.08142159
Au        -2  -8   4     300.000  200000.000      1.28038672      0.53052061       3110.08142159
Au         2  -8   4     300.000  200000.000      1.28038672      0.53052061       3110.08142159
Au        -8  -2   4     300.000  200000.000      1.28038672      0.53052061       3110.08142159
Au         8  -2   4     300.000  200000.000      1.28038672      0.53052061       3110.08142159
Au        -8   2   4     300.000  200000.000      1.28038672      0.53052061       3110.08142159
Au         8   2   4     300.000  200000.000      1.28038672      0.53052061       3110.08142159
Au        -2   8   4     300.000  200000.000      1.28038672      0.53052061       3110.08142159
Au         2   8   4     300.000  200000.000      1.28038672      0.53052061       3110.08142159
Au        -2  -4   8     300.000  200000.000      1.28038672      0.53052061       3110.08142159
Au         2  -4   8     300.000  200000.000      1.28038672      0.53052061       3110.08142159
Au        -4  -2   8     300.000  200000.000      1.28038672      0.53052061       3110.08142159
Au         4  -2   8     300.000  200000.000      1.28038672      0.53052061       3110.08142159
Au        -4   2   8     300.000  200000.000      1.28038672      0.53052061       3110.08142159
Au         4   2   8     300.000  200000.000      1.28038672      0.53052061       3110.08142159
Au        -2   4   8     300.000  200000.000      1.28038672      0.53052061       3110.08142159
Au         2   4   8     300.000  200000.000      1.28038672      0.53052061       3110.08142159
Au        -4  -6  -6     300.000  200000.000      1.18973445      0.49536992       3344.65381379
Au         4  -6  -6     300.000  200000.000      1.18973445      0.49536992       3344.65381379
Au        -6  -4  -6     300.000  200000.000      1.18973445      0.49536992       3344.65381379
Au         6  -4  -6     300.000  200000.000      1.18973445      0.49536992       3344.65381379
Au        -6   4  -6     300.000  200000.000      1.18973445      0.49536992       3344.65381379
Au         6   4  -6     300.000  200000.000      1.18973445      0.49536992       3344.65381379
Au        -4   6  -6     300.000  200000.000      1.18973445      0.49536992       3344.65381379
Au         4   6  -6     300.000  200000.000      1.18973445      0.49536992       3344.65381379
Au        -6  -6  -4     300.000  200000.000      1.18973445      0.49536992       3344.65381379
Au         6  -6  -4     300.000  200000.000      1.18973445      0.49536992       3344.65381379
Au        -6   6  -4     300.000  200000.000      1.18973445      0.49536992       3344.65381379
Au         6   6  -4     300.000  200000.000      1.18973445      0.49536992       3344.65381379
Au        -6  -6   4     300.000  200000.000      1.18973445      0.49536992       3344.65381379
Au         6  -6   4     300.000  200000.000      1.18973445      0.49536992       3344.65381379
Au        -6   6   4     300.000  200000.000      1.18973445      0.49536992       3344.65381379
Au         6   6   4     300.000  200000.000      1.18973445      0.49536992       3344.65381379
Au        -4  -6   6     300.000  200000.000      1.18973445      0.49536992       3344.65381379
Au         4  -6   6     300.000  200000.000      1.18973445      0.49536992       3344.65381379
Au        -6  -4   6     300.000  200000.000      1.18973445      0.49536992       3344.65381379
Au         6  -4   6     300.000  200000.000      1.18973445      0.49536992       3344.65381379
Au        -6   4   6     300.000  200000.000      1.18973445      0.49536992       3344.65381379
Au         6   4   6     300.000  200000.000      1.18973445      0.49536992       3344.65381379
Au        -4   6   6     300.000  200000.000      1.18973445      0.49536992       3344.65381379
Au         4   6   6     300.000  200000.000      1.18973445      0.49536992       3344.65381379
Au        -1  -3  -9     300.000  200000.000      1.12712782      0.47049105       3529.11145922
Au        -3  -1  -9     300.000  200000.000      1.12712782      0.47049105       3529.11145922
Au        -1  -9  -3     300.000  200000.000      1.12712782      0.47049105       3529.11145922
Au        -9  -1  -3     300.000  200000.000      1.12712782      0.47049105       3529.11145922
Au        -3  -9  -1     300.000  200000.000      1.12712782      0.47049105       3529.11145922
Au        -9  -3  -1     300.000  200000.000      1.12712782      0.47049105       3529.11145922
Au         9   3   1     300.000  200000.000      1.12712782      0.47049105       3529.11145922
Au         3   9   1     300.000  200000.000      1.12712782      0.47049105       3529.11145922
Au         9   1   3     300.000  200000.000      1.12712782      0.47049105       3529.11145922
Au         1   9   3     300.000  200000.000      1.12712782      0.47049105       3529.11145922
Au         3   1   9     300.000  200000.000      1.12712782      0.47049105       3529.11145922
Au         1   3   9     300.000  200000.000      1.12712782      0.47049105       3529.11145922
Au        -4  -4  -8     300.000  200000.000      1.03182541      0.43165901       3853.80858816
Au         4  -4  -8     300.000  200000.000      1.03182541      0.43165901       3853.80858816
Au        -4   4  -8     300.000  200000.000      1.03182541      0.43165901       3853.80858816
Au         4   4  -8     300.000  200000.000      1.03182541      0.43165901       3853.80858816
Au        -4  -8  -4     300.000  200000.000      1.03182541      0.43165901       3853.80858816
Au         4  -8  -4     300.000  200000.000      1.03182541      0.43165901       3853.80858816
Au        -8  -4  -4     300.000  200000.000      1.03182541      0.43165901       3853.80858816
Au         8  -4  -4     300.000  200000.000      1.03182541      0.43165901       3853.80858816
Au        -8   4  -4     300.000  200000.000      1.03182541      0.43165901       3853.80858816
Au         8   4  -4     300.000  200000.000      1.03182541      0.43165901       3853.80858816
Au        -4   8  -4     300.000  200000.000      1.03182541      0.43165901       3853.80858816
Au         4   8  -4     300.000  200000.000      1.03182541      0.43165901       3853.80858816
Au        -4  -8   4     300.000  200000.000      1.03182541      0.43165901       3853.80858816
Au         4  -8   4     300.000  200000.000      1.03182541      0.43165901       3853.80858816
Au        -8  -4   4     300.000  200000.000      1.03182541      0.43165901       3853.80858816
Au         8  -4   4     300.000  200000.000      1.03182541      0.43165901       3853.80858816
Au        -8   4   4     300.000  200000.000      1.03182541      0.43165901       3853.80858816
Au         8   4   4     300.000  200000.000      1.03182541      0.43165901       3853.80858816
Au        -4   8   4     300.000  200000.000      1.03182541      0.43165901       3853.80858816
Au         4   8   4     300.000  200000.000      1.03182541      0.43165901       3853.80858816
Au        -4  -4   8     300.000  200000.000      1.03182541      0.43165901       3853.80858816
Au         4  -4   8     300.000  200000.000      1.03182541      0.43165901       3853.80858816
Au        -4   4   8     300.000  200000.000      1.03182541      0.43165901       3853.80858816
Au         4   4   8     300.000  200000.000      1.03182541      0.43165901       3853.80858816
Au        -3  -3  -9     300.000  200000.000      0.97949632      0.40984048       4059.58848183
Au        -3  -9  -3     300.000  200000.000      0.97949632      0.40984048       4059.58848183
Au        -9  -3  -3     300.000  200000.000      0.97949632      0.40984048       4059.58848183
Au         9   3   3     300.000  200000.000      0.97949632      0.40984048       4059.58848183
Au         3   9   3     300.000  200000.000      0.97949632      0.40984048       4059.58848183
Au         3   3   9     300.000  200000.000      0.97949632      0.40984048       4059.58848183
Au        -1  -7  -7     300.000  200000.000      0.97949632      0.40984048       4059.58848183
Au        -5  -5  -7     300.000  200000.000      0.97949632      0.40984048       4059.58848183
Au        -7  -1  -7     300.000  200000.000      0.97949632      0.40984048       4059.58848183
Au        -5  -7  -5     300.000  200000.000      0.97949632      0.40984048       4059.58848183
Au        -7  -5  -5     300.000  200000.000      0.97949632      0.40984048       4059.58848183
Au        -7  -7  -1     300.000  200000.000      0.97949632      0.40984048       4059.58848183
Au         7   7   1     300.000  200000.000      0.97949632      0.40984048       4059.58848183
Au         7   5   5     300.000  200000.000      0.97949632      0.40984048       4059.58848183
Au         5   7   5     300.000  200000.000      0.97949632      0.40984048       4059.58848183
Au         7   1   7     300.000  200000.000      0.97949632      0.40984048       4059.58848183
Au         5   5   7     300.000  200000.000      0.97949632      0.40984048       4059.58848183
Au         1   7   7     300.000  200000.000      0.97949632      0.40984048       4059.58848183
Au         0   0 -10     300.000  200000.000      0.96279264      0.40280171       4130.09487228
Au         0  -6  -8     300.000  200000.000      0.96279264      0.40280171       4130.09487228
Au        -6   0  -8     300.000  200000.000      0.96279264      0.40280171       4130.09487228
Au         6   0  -8     300.000  200000.000      0.96279264      0.40280171       4130.09487228
Au         0   6  -8     300.000  200000.000      0.96279264      0.40280171       4130.09487228
Au         0  -8  -6     300.000  200000.000      0.96279264      0.40280171       4130.09487228
Au        -8   0  -6     300.000  200000.000      0.96279264      0.40280171       4130.09487228
Au         8   0  -6     300.000  200000.000      0.96279264      0.40280171       4130.09487228
Au         0   8  -6     300.000  200000.000      0.96279264      0.40280171       4130.09487228
Au         0 -10   0     300.000  200000.000      0.96279264      0.40280171       4130.09487228
Au        -6  -8   0     300.000  200000.000      0.96279264      0.40280171       4130.09487228
Au         6  -8   0     300.000  200000.000      0.96279264      0.40280171       4130.09487228
Au        -8  -6   0     300.000  200000.000      0.96279264      0.40280171       4130.09487228
Au         8  -6   0     300.000  200000.000      0.96279264      0.40280171       4130.09487228
Au       -10   0   0     300.000  200000.000      0.96279264      0.40280171       4130.09487228
Au        10   0   0     300.000  200000.000      0.96279264      0.40280171       4130.09487228
Au        -8   6   0     300.000  200000.000      0.96279264      0.40280171       4130.09487228
Au         8   6   0     300.000  200000.000      0.96279264      0.40280171       4130.09487228
Au        -6   8   0     300.000  200000.000      0.96279264      0.40280171       4130.09487228
Au         6   8   0     300.000  200000.000      0.96279264      0.40280171       4130.09487228
Au         0  10   0     300.000  200000.000      0.96279264      0.40280171       4130.09487228
Au         0  -8   6     300.000  200000.000      0.96279264      0.40280171       4130.09487228
Au        -8   0   6     300.000  200000.000      0.96279264      0.40280171       4130.09487228
Au         8   0   6     300.000  200000.000      0.96279264      0.40280171       4130.09487228
Au         0   8   6     300.000  200000.000      0.96279264      0.40280171       4130.09487228
Au         0  -6   8     300.000  200000.000      0.96279264      0.40280171       4130.09487228
Au        -6   0   8     300.000  200000.000      0.96279264      0.40280171       4130.09487228
Au         6   0   8     300.000  200000.000      0.96279264      0.40280171       4130.09487228
Au         0   6   8     300.000  200000.000      0.96279264      0.40280171       4130.09487228
Au         0   0  10     300.000  200000.000      0.96279264      0.40280171       4130.09487228
