# test_Lib_CrystalStructureFactor v.0.0.1
 element           g       T (K)       V (V)         Re(U_g)         Im(U_g)                xi_g
Ca         0   0   0     300.000  200000.000     10.86256626      0.16583540        396.76610796
Ca        -1  -1  -1     300.000  200000.000      4.59725457      0.14993294        937.10490938
Ca         1   1   1     300.000  200000.000      4.59725457      0.14993294        937.10490938
Ca         0   0  -2     300.000  200000.000      3.93215330      0.14507145       1095.44809188
Ca         0  -2   0     300.000  200000.000      3.93215330      0.14507145       1095.44809188
Ca        -2   0   0     300.000  200000.000      3.93215330      0.14507145       1095.44809188
Ca         2   0   0     300.000  200000.000      3.93215330      0.14507145       1095.44809188
Ca         0   2   0     300.000  200000.000      3.93215330      0.14507145       1095.44809188
Ca         0   0   2     300.000  200000.000      3.93215330      0.14507145       1095.44809188
Ca         0  -2  -2     300.000  200000.000      2.56755719      0.12749213       1676.72847753
Ca        -2   0  -2     300.000  200000.000      2.56755719      0.12749213       1676.72847753
Ca         2   0  -2     300.000  200000.000      2.56755719      0.12749213       1676.72847753
Ca         0   2  -2     300.000  200000.000      2.56755719      0.12749213       1676.72847753
Ca        -2  -2   0     300.000  200000.000      2.56755719      0.12749213       1676.72847753
Ca         2  -2   0     300.000  200000.000      2.56755719      0.12749213       1676.72847753
Ca        -2   2   0     300.000  200000.000      2.56755719      0.12749213       1676.72847753
Ca         2   2   0     300.000  200000.000      2.56755719      0.12749213       1676.72847753
Ca         0  -2   2     300.000  200000.000      2.56755719      0.12749213       1676.72847753
Ca        -2   0   2     300.000  200000.000      2.56755719      0.12749213       1676.72847753
Ca         2   0   2     300.000  200000.000      2.56755719      0.12749213       1676.72847753
Ca         0   2   2     300.000  200000.000      2.56755719      0.12749213       1676.72847753
Ca        -1  -1  -3     300.000  200000.000      2.03904087      0.11599154       2110.52323646
Ca        -1  -3  -1     300.000  200000.000      2.03904087      0.11599154       2110.52323646
Ca        -3  -1  -1     300.000  200000.000      2.03904087      0.11599154       2110.52323646
Ca         3   1   1     300.000  200000.000      2.03904087      0.11599154       2110.52323646
Ca         1   3   1     300.000  200000.000      2.03904087      0.11599154       2110.52323646
Ca         1   1   3     300.000  200000.000      2.03904087      0.11599154       2110.52323646
Ca        -2  -2  -2     300.000  200000.000      1.90615073      0.11243484       2257.38778637
Ca         2  -2  -2     300.000  200000.000      1.90615073      0.11243484       2257.38778637
Ca        -2   2  -2     300.000  200000.000      1.90615073      0.11243484       2257.38778637
Ca         2   2  -2     300.000  200000.000      1.90615073      0.11243484       2257.38778637
Ca        -2  -2   2     300.000  200000.000      1.90615073      0.11243484       2257.38778637
Ca         2  -2   2     300.000  200000.000      1.90615073      0.11243484       2257.38778637
Ca        -2   2   2     300.000  200000.000      1.90615073      0.11243484       2257.38778637
Ca         2   2   2     300.000  200000.000      1.90615073      0.11243484       2257.38778637
Ca         0   0  -4     300.000  200000.000      1.50247426      0.09941747       2862.60811747
Ca         0  -4   0     300.000  200000.000      1.50247426      0.09941747       2862.60811747
Ca        -4   0   0     300.000  200000.000      1.50247426      0.09941747       2862.60811747
Ca         4   0   0     300.000  200000.000      1.50247426      0.09941747       2862.60811747
Ca         0   4   0     300.000  200000.000      1.50247426      0.09941747       2862.60811747
Ca         0   0   4     300.000  200000.000      1.50247426      0.09941747       2862.60811747
Ca        -1  -3  -3     300.000  200000.000      1.28564566      0.09077354       3344.38685469
Ca        -3  -1  -3     300.000  200000.000      1.28564566      0.09077354       3344.38685469
Ca        -3  -3  -1     300.000  200000.000      1.28564566      0.09077354       3344.38685469
Ca         3   3   1     300.000  200000.000      1.28564566      0.09077354       3344.38685469
Ca         3   1   3     300.000  200000.000      1.28564566      0.09077354       3344.38685469
Ca         1   3   3     300.000  200000.000      1.28564566      0.09077354       3344.38685469
Ca         0  -2  -4     300.000  200000.000      1.22410305      0.08808073       3512.19189935
Ca        -2   0  -4     300.000  200000.000      1.22410305      0.08808073       3512.19189935
Ca         2   0  -4     300.000  200000.000      1.22410305      0.08808073       3512.19189935
Ca         0   2  -4     300.000  200000.000      1.22410305      0.08808073       3512.19189935
Ca         0  -4  -2     300.000  200000.000      1.22410305      0.08808073       3512.19189935
Ca        -4   0  -2     300.000  200000.000      1.22410305      0.08808073       3512.19189935
Ca         4   0  -2     300.000  200000.000      1.22410305      0.08808073       3512.19189935
Ca         0   4  -2     300.000  200000.000      1.22410305      0.08808073       3512.19189935
Ca        -2  -4   0     300.000  200000.000      1.22410305      0.08808073       3512.19189935
Ca         2  -4   0     300.000  200000.000      1.22410305      0.08808073       3512.19189935
Ca        -4  -2   0     300.000  200000.000      1.22410305      0.08808073       3512.19189935
Ca         4  -2   0     300.000  200000.000      1.22410305      0.08808073       3512.19189935
Ca        -4   2   0     300.000  200000.000      1.22410305      0.08808073       3512.19189935
Ca         4   2   0     300.000  200000.000      1.22410305      0.08808073       3512.19189935
Ca        -2   4   0     300.000  200000.000      1.22410305      0.08808073       3512.19189935
Ca         2   4   0     300.000  200000.000      1.22410305      0.08808073       3512.19189935
Ca         0  -4   2     300.000  200000.000      1.22410305      0.08808073       3512.19189935
Ca        -4   0   2     300.000  200000.000      1.22410305      0.08808073       3512.19189935
Ca         4   0   2     300.000  200000.000      1.22410305      0.08808073       3512.19189935
Ca         0   4   2     300.000  200000.000      1.22410305      0.08808073       3512.19189935
Ca         0  -2   4     300.000  200000.000      1.22410305      0.08808073       3512.19189935
Ca        -2   0   4     300.000  200000.000      1.22410305      0.08808073       3512.19189935
Ca         2   0   4     300.000  200000.000      1.22410305      0.08808073       3512.19189935
Ca         0   2   4     300.000  200000.000      1.22410305      0.08808073       3512.19189935
Ca        -2  -2  -4     300.000  200000.000      1.01638442      0.07815040       4228.43424793
Ca         2  -2  -4     300.000  200000.000      1.01638442      0.07815040       4228.43424793
Ca        -2   2  -4     300.000  200000.000      1.01638442      0.07815040       4228.43424793
Ca         2   2  -4     300.000  200000.000      1.01638442      0.07815040       4228.43424793
Ca        -2  -4  -2     300.000  200000.000      1.01638442      0.07815040       4228.43424793
Ca         2  -4  -2     300.000  200000.000      1.01638442      0.07815040       4228.43424793
Ca        -4  -2  -2     300.000  200000.000      1.01638442      0.07815040       4228.43424793
Ca         4  -2  -2     300.000  200000.000      1.01638442      0.07815040       4228.43424793
Ca        -4   2  -2     300.000  200000.000      1.01638442      0.07815040       4228.43424793
Ca         4   2  -2     300.000  200000.000      1.01638442      0.07815040       4228.43424793
Ca        -2   4  -2     300.000  200000.000      1.01638442      0.07815040       4228.43424793
Ca         2   4  -2     300.000  200000.000      1.01638442      0.07815040       4228.43424793
Ca        -2  -4   2     300.000  200000.000      1.01638442      0.07815040       4228.43424793
Ca         2  -4   2     300.000  200000.000      1.01638442      0.07815040       4228.43424793
Ca        -4  -2   2     300.000  200000.000      1.01638442      0.07815040       4228.43424793
Ca         4  -2   2     300.000  200000.000      1.01638442      0.07815040       4228.43424793
Ca        -4   2   2     300.000  200000.000      1.01638442      0.07815040       4228.43424793
Ca         4   2   2     300.000  200000.000      1.01638442      0.07815040       4228.43424793
Ca        -2   4   2     300.000  200000.000      1.01638442      0.07815040       4228.43424793
Ca         2   4   2     300.000  200000.000      1.01638442      0.07815040       4228.43424793
Ca        -2  -2   4     300.000  200000.000      1.01638442      0.07815040       4228.43424793
Ca         2  -2   4     300.000  200000.000      1.01638442      0.07815040       4228.43424793
Ca        -2   2   4     300.000  200000.000      1.01638442      0.07815040       4228.43424793
Ca         2   2   4     300.000  200000.000      1.01638442      0.07815040       4228.43424793
Ca        -1  -1  -5     300.000  200000.000      0.89120839      0.07149500       4821.09107889
Ca        -3  -3  -3     300.000  200000.000      0.89120839      0.07149500       4821.09107889
Ca        -1  -5  -1     300.000  200000.000      0.89120839      0.07149500       4821.09107889
Ca        -5  -1  -1     300.000  200000.000      0.89120839      0.07149500       4821.09107889
Ca         5   1   1     300.000  200000.000      0.89120839      0.07149500       4821.09107889
Ca         1   5   1     300.000  200000.000      0.89120839      0.07149500       4821.09107889
Ca         3   3   3     300.000  200000.000      0.89120839      0.07149500       4821.09107889
Ca         1   1   5     300.000  200000.000      0.89120839      0.07149500       4821.09107889
Ca         0  -4  -4     300.000  200000.000      0.72376101      0.06169538       5934.03726179
Ca        -4   0  -4     300.000  200000.000      0.72376101      0.06169538       5934.03726179
Ca         4   0  -4     300.000  200000.000      0.72376101      0.06169538       5934.03726179
Ca         0   4  -4     300.000  200000.000      0.72376101      0.06169538       5934.03726179
Ca        -4  -4   0     300.000  200000.000      0.72376101      0.06169538       5934.03726179
Ca         4  -4   0     300.000  200000.000      0.72376101      0.06169538       5934.03726179
Ca        -4   4   0     300.000  200000.000      0.72376101      0.06169538       5934.03726179
Ca         4   4   0     300.000  200000.000      0.72376101      0.06169538       5934.03726179
Ca         0  -4   4     300.000  200000.000      0.72376101      0.06169538       5934.03726179
Ca        -4   0   4     300.000  200000.000      0.72376101      0.06169538       5934.03726179
Ca         4   0   4     300.000  200000.000      0.72376101      0.06169538       5934.03726179
Ca         0   4   4     300.000  200000.000      0.72376101      0.06169538       5934.03726179
Ca        -1  -3  -5     300.000  200000.000      0.64223952      0.05649333       6685.69987599
Ca        -3  -1  -5     300.000  200000.000      0.64223952      0.05649333       6685.69987599
Ca        -1  -5  -3     300.000  200000.000      0.64223952      0.05649333       6685.69987599
Ca        -5  -1  -3     300.000  200000.000      0.64223952      0.05649333       6685.69987599
Ca        -3  -5  -1     300.000  200000.000      0.64223952      0.05649333       6685.69987599
Ca        -5  -3  -1     300.000  200000.000      0.64223952      0.05649333       6685.69987599
Ca         5   3   1     300.000  200000.000      0.64223952      0.05649333       6685.69987599
Ca         3   5   1     300.000  200000.000      0.64223952      0.05649333       6685.69987599
Ca         5   1   3     300.000  200000.000      0.64223952      0.05649333       6685.69987599
Ca         1   5   3     300.000  200000.000      0.64223952      0.05649333       6685.69987599
Ca         3   1   5     300.000  200000.000      0.64223952      0.05649333       6685.69987599
Ca         1   3   5     300.000  200000.000      0.64223952      0.05649333       6685.69987599
Ca         0   0  -6     300.000  200000.000      0.61765549      0.05486074       6951.28219585
Ca        -2  -4  -4     300.000  200000.000      0.61765549      0.05486074       6951.28219585
Ca         2  -4  -4     300.000  200000.000      0.61765549      0.05486074       6951.28219585
Ca        -4  -2  -4     300.000  200000.000      0.61765549      0.05486074       6951.28219585
Ca         4  -2  -4     300.000  200000.000      0.61765549      0.05486074       6951.28219585
Ca        -4   2  -4     300.000  200000.000      0.61765549      0.05486074       6951.28219585
Ca         4   2  -4     300.000  200000.000      0.61765549      0.05486074       6951.28219585
Ca        -2   4  -4     300.000  200000.000      0.61765549      0.05486074       6951.28219585
Ca         2   4  -4     300.000  200000.000      0.61765549      0.05486074       6951.28219585
Ca        -4  -4  -2     300.000  200000.000      0.61765549      0.05486074       6951.28219585
Ca         4  -4  -2     300.000  200000.000      0.61765549      0.05486074       6951.28219585
Ca        -4   4  -2     300.000  200000.000      0.61765549      0.05486074       6951.28219585
Ca         4   4  -2     300.000  200000.000      0.61765549      0.05486074       6951.28219585
Ca         0  -6   0     300.000  200000.000      0.61765549      0.05486074       6951.28219585
Ca        -6   0   0     300.000  200000.000      0.61765549      0.05486074       6951.28219585
Ca         6   0   0     300.000  200000.000      0.61765549      0.05486074       6951.28219585
Ca         0   6   0     300.000  200000.000      0.61765549      0.05486074       6951.28219585
Ca        -4  -4   2     300.000  200000.000      0.61765549      0.05486074       6951.28219585
Ca         4  -4   2     300.000  200000.000      0.61765549      0.05486074       6951.28219585
Ca        -4   4   2     300.000  200000.000      0.61765549      0.05486074       6951.28219585
Ca         4   4   2     300.000  200000.000      0.61765549      0.05486074       6951.28219585
Ca        -2  -4   4     300.000  200000.000      0.61765549      0.05486074       6951.28219585
Ca         2  -4   4     300.000  200000.000      0.61765549      0.05486074       6951.28219585
Ca        -4  -2   4     300.000  200000.000      0.61765549      0.05486074       6951.28219585
Ca         4  -2   4     300.000  200000.000      0.61765549      0.05486074       6951.28219585
Ca        -4   2   4     300.000  200000.000      0.61765549      0.05486074       6951.28219585
Ca         4   2   4     300.000  200000.000      0.61765549      0.05486074       6951.28219585
Ca        -2   4   4     300.000  200000.000      0.61765549      0.05486074       6951.28219585
Ca         2   4   4     300.000  200000.000      0.61765549      0.05486074       6951.28219585
Ca         0   0   6     300.000  200000.000      0.61765549      0.05486074       6951.28219585
Ca         0  -2  -6     300.000  200000.000      0.53037508      0.04879341       8092.90392840
Ca        -2   0  -6     300.000  200000.000      0.53037508      0.04879341       8092.90392840
Ca         2   0  -6     300.000  200000.000      0.53037508      0.04879341       8092.90392840
Ca         0   2  -6     300.000  200000.000      0.53037508      0.04879341       8092.90392840
Ca         0  -6  -2     300.000  200000.000      0.53037508      0.04879341       8092.90392840
Ca        -6   0  -2     300.000  200000.000      0.53037508      0.04879341       8092.90392840
Ca         6   0  -2     300.000  200000.000      0.53037508      0.04879341       8092.90392840
Ca         0   6  -2     300.000  200000.000      0.53037508      0.04879341       8092.90392840
Ca        -2  -6   0     300.000  200000.000      0.53037508      0.04879341       8092.90392840
Ca         2  -6   0     300.000  200000.000      0.53037508      0.04879341       8092.90392840
Ca        -6  -2   0     300.000  200000.000      0.53037508      0.04879341       8092.90392840
Ca         6  -2   0     300.000  200000.000      0.53037508      0.04879341       8092.90392840
Ca        -6   2   0     300.000  200000.000      0.53037508      0.04879341       8092.90392840
Ca         6   2   0     300.000  200000.000      0.53037508      0.04879341       8092.90392840
Ca        -2   6   0     300.000  200000.000      0.53037508      0.04879341       8092.90392840
Ca         2   6   0     300.000  200000.000      0.53037508      0.04879341       8092.90392840
Ca         0  -6   2     300.000  200000.000      0.53037508      0.04879341       8092.90392840
Ca        -6   0   2     300.000  200000.000      0.53037508      0.04879341       8092.90392840
Ca         6   0   2     300.000  200000.000      0.53037508      0.04879341       8092.90392840
Ca         0   6   2     300.000  200000.000      0.53037508      0.04879341       8092.90392840
Ca         0  -2   6     300.000  200000.000      0.53037508      0.04879341       8092.90392840
Ca        -2   0   6     300.000  200000.000      0.53037508      0.04879341       8092.90392840
Ca         2   0   6     300.000  200000.000      0.53037508      0.04879341       8092.90392840
Ca         0   2   6     300.000  200000.000      0.53037508      0.04879341       8092.90392840
Ca        -3  -3  -5     300.000  200000.000      0.47490321      0.04468794       9036.45743668
Ca        -3  -5  -3     300.000  200000.000      0.47490321      0.04468794       9036.45743668
Ca        -5  -3  -3     300.000  200000.000      0.47490321      0.04468794       9036.45743668
Ca         5   3   3     300.000  200000.000      0.47490321      0.04468794       9036.45743668
Ca         3   5   3     300.000  200000.000      0.47490321      0.04468794       9036.45743668
Ca         3   3   5     300.000  200000.000      0.47490321      0.04468794       9036.45743668
Ca        -2  -2  -6     300.000  200000.000      0.45805076      0.04339708       9368.35934978
Ca         2  -2  -6     300.000  200000.000      0.45805076      0.04339708       9368.35934978
Ca        -2   2  -6     300.000  200000.000      0.45805076      0.04339708       9368.35934978
Ca         2   2  -6     300.000  200000.000      0.45805076      0.04339708       9368.35934978
Ca        -2  -6  -2     300.000  200000.000      0.45805076      0.04339708       9368.35934978
Ca         2  -6  -2     300.000  200000.000      0.45805076      0.04339708       9368.35934978
Ca        -6  -2  -2     300.000  200000.000      0.45805076      0.04339708       9368.35934978
Ca         6  -2  -2     300.000  200000.000      0.45805076      0.04339708       9368.35934978
Ca        -6   2  -2     300.000  200000.000      0.45805076      0.04339708       9368.35934978
Ca         6   2  -2     300.000  200000.000      0.45805076      0.04339708       9368.35934978
Ca        -2   6  -2     300.000  200000.000      0.45805076      0.04339708       9368.35934978
Ca         2   6  -2     300.000  200000.000      0.45805076      0.04339708       9368.35934978
Ca        -2  -6   2     300.000  200000.000      0.45805076      0.04339708       9368.35934978
Ca         2  -6   2     300.000  200000.000      0.45805076      0.04339708       9368.35934978
Ca        -6  -2   2     300.000  200000.000      0.45805076      0.04339708       9368.35934978
Ca         6  -2   2     300.000  200000.000      0.45805076      0.04339708       9368.35934978
Ca        -6   2   2     300.000  200000.000      0.45805076      0.04339708       9368.35934978
Ca         6   2   2     300.000  200000.000      0.45805076      0.04339708       9368.35934978
Ca        -2   6   2     300.000  200000.000      0.45805076      0.04339708       9368.35934978
Ca         2   6   2     300.000  200000.000      0.45805076      0.04339708       9368.35934978
Ca        -2  -2   6     300.000  200000.000      0.45805076      0.04339708       9368.35934978
Ca         2  -2   6     300.000  200000.000      0.45805076      0.04339708       9368.35934978
Ca        -2   2   6     300.000  200000.000      0.45805076      0.04339708       9368.35934978
Ca         2   2   6     300.000  200000.000      0.45805076      0.04339708       9368.35934978
Ca        -4  -4  -4     300.000  200000.000      0.39774200      0.03859008      10786.52648233
Ca         4  -4  -4     300.000  200000.000      0.39774200      0.03859008      10786.52648233
Ca        -4   4  -4     300.000  200000.000      0.39774200      0.03859008      10786.52648233
Ca         4   4  -4     300.000  200000.000      0.39774200      0.03859008      10786.52648233
Ca        -4  -4   4     300.000  200000.000      0.39774200      0.03859008      10786.52648233
Ca         4  -4   4     300.000  200000.000      0.39774200      0.03859008      10786.52648233
Ca        -4   4   4     300.000  200000.000      0.39774200      0.03859008      10786.52648233
Ca         4   4   4     300.000  200000.000      0.39774200      0.03859008      10786.52648233
Ca        -1  -1  -7     300.000  200000.000      0.35899755      0.03532919      11949.04642950
Ca        -1  -5  -5     300.000  200000.000      0.35899755      0.03532919      11949.04642950
Ca        -5  -1  -5     300.000  200000.000      0.35899755      0.03532919      11949.04642950
Ca        -1  -7  -1     300.000  200000.000      0.35899755      0.03532919      11949.04642950
Ca        -5  -5  -1     300.000  200000.000      0.35899755      0.03532919      11949.04642950
Ca        -7  -1  -1     300.000  200000.000      0.35899755      0.03532919      11949.04642950
Ca         7   1   1     300.000  200000.000      0.35899755      0.03532919      11949.04642950
Ca         5   5   1     300.000  200000.000      0.35899755      0.03532919      11949.04642950
Ca         1   7   1     300.000  200000.000      0.35899755      0.03532919      11949.04642950
Ca         5   1   5     300.000  200000.000      0.35899755      0.03532919      11949.04642950
Ca         1   5   5     300.000  200000.000      0.35899755      0.03532919      11949.04642950
Ca         1   1   7     300.000  200000.000      0.35899755      0.03532919      11949.04642950
Ca         0  -4  -6     300.000  200000.000      0.34715672      0.03430257      12356.12265026
Ca        -4   0  -6     300.000  200000.000      0.34715672      0.03430257      12356.12265026
Ca         4   0  -6     300.000  200000.000      0.34715672      0.03430257      12356.12265026
Ca         0   4  -6     300.000  200000.000      0.34715672      0.03430257      12356.12265026
Ca         0  -6  -4     300.000  200000.000      0.34715672      0.03430257      12356.12265026
Ca        -6   0  -4     300.000  200000.000      0.34715672      0.03430257      12356.12265026
Ca         6   0  -4     300.000  200000.000      0.34715672      0.03430257      12356.12265026
Ca         0   6  -4     300.000  200000.000      0.34715672      0.03430257      12356.12265026
Ca        -4  -6   0     300.000  200000.000      0.34715672      0.03430257      12356.12265026
Ca         4  -6   0     300.000  200000.000      0.34715672      0.03430257      12356.12265026
Ca        -6  -4   0     300.000  200000.000      0.34715672      0.03430257      12356.12265026
Ca         6  -4   0     300.000  200000.000      0.34715672      0.03430257      12356.12265026
Ca        -6   4   0     300.000  200000.000      0.34715672      0.03430257      12356.12265026
Ca         6   4   0     300.000  200000.000      0.34715672      0.03430257      12356.12265026
Ca        -4   6   0     300.000  200000.000      0.34715672      0.03430257      12356.12265026
Ca         4   6   0     300.000  200000.000      0.34715672      0.03430257      12356.12265026
Ca         0  -6   4     300.000  200000.000      0.34715672      0.03430257      12356.12265026
Ca        -6   0   4     300.000  200000.000      0.34715672      0.03430257      12356.12265026
Ca         6   0   4     300.000  200000.000      0.34715672      0.03430257      12356.12265026
Ca         0   6   4     300.000  200000.000      0.34715672      0.03430257      12356.12265026
Ca         0  -4   6     300.000  200000.000      0.34715672      0.03430257      12356.12265026
Ca        -4   0   6     300.000  200000.000      0.34715672      0.03430257      12356.12265026
Ca         4   0   6     300.000  200000.000      0.34715672      0.03430257      12356.12265026
Ca         0   4   6     300.000  200000.000      0.34715672      0.03430257      12356.12265026
Ca        -2  -4  -6     300.000  200000.000      0.30448368      0.03047433      14086.05014123
Ca         2  -4  -6     300.000  200000.000      0.30448368      0.03047433      14086.05014123
Ca        -4  -2  -6     300.000  200000.000      0.30448368      0.03047433      14086.05014123
Ca         4  -2  -6     300.000  200000.000      0.30448368      0.03047433      14086.05014123
Ca        -4   2  -6     300.000  200000.000      0.30448368      0.03047433      14086.05014123
Ca         4   2  -6     300.000  200000.000      0.30448368      0.03047433      14086.05014123
Ca        -2   4  -6     300.000  200000.000      0.30448368      0.03047433      14086.05014123
Ca         2   4  -6     300.000  200000.000      0.30448368      0.03047433      14086.05014123
Ca        -2  -6  -4     300.000  200000.000      0.30448368      0.03047433      14086.05014123
Ca         2  -6  -4     300.000  200000.000      0.30448368      0.03047433      14086.05014123
Ca        -6  -2  -4     300.000  200000.000      0.30448368      0.03047433      14086.05014123
Ca         6  -2  -4     300.000  200000.000      0.30448368      0.03047433      14086.05014123
Ca        -6   2  -4     300.000  200000.000      0.30448368      0.03047433      14086.05014123
Ca         6   2  -4     300.000  200000.000      0.30448368      0.03047433      14086.05014123
Ca        -2   6  -4     300.000  200000.000      0.30448368      0.03047433      14086.05014123
Ca         2   6  -4     300.000  200000.000      0.30448368      0.03047433      14086.05014123
Ca        -4  -6  -2     300.000  200000.000      0.30448368      0.03047433      14086.05014123
Ca         4  -6  -2     300.000  200000.000      0.30448368      0.03047433      14086.05014123
Ca        -6  -4  -2     300.000  200000.000      0.30448368      0.03047433      14086.05014123
Ca         6  -4  -2     300.000  200000.000      0.30448368      0.03047433      14086.05014123
Ca        -6   4  -2     300.000  200000.000      0.30448368      0.03047433      14086.05014123
Ca         6   4  -2     300.000  200000.000      0.30448368      0.03047433      14086.05014123
Ca        -4   6  -2     300.000  200000.000      0.30448368      0.03047433      14086.05014123
Ca         4   6  -2     300.000  200000.000      0.30448368      0.03047433      14086.05014123
Ca        -4  -6   2     300.000  200000.000      0.30448368      0.03047433      14086.05014123
Ca         4  -6   2     300.000  200000.000      0.30448368      0.03047433      14086.05014123
Ca        -6  -4   2     300.000  200000.000      0.30448368      0.03047433      14086.05014123
Ca         6  -4   2     300.000  200000.000      0.30448368      0.03047433      14086.05014123
Ca        -6   4   2     300.000  200000.000      0.30448368      0.03047433      14086.05014123
Ca         6   4   2     300.000  200000.000      0.30448368      0.03047433      14086.05014123
Ca        -4   6   2     300.000  200000.000      0.30448368      0.03047433      14086.05014123
Ca         4   6   2     300.000  200000.000      0.30448368      0.03047433      14086.05014123
Ca        -2  -6   4     300.000  200000.000      0.30448368      0.03047433      14086.05014123
Ca         2  -6   4     300.000  200000.000      0.30448368      0.03047433      14086.05014123
Ca        -6  -2   4     300.000  200000.000      0.30448368      0.03047433      14086.05014123
Ca         6  -2   4     300.000  200000.000      0.30448368      0.03047433      14086.05014123
Ca        -6   2   4     300.000  200000.000      0.30448368      0.03047433      14086.05014123
Ca         6   2   4     300.000  200000.000      0.30448368      0.03047433      14086.05014123
Ca        -2   6   4     300.000  200000.000      0.30448368      0.03047433      14086.05014123
Ca         2   6   4     300.000  200000.000      0.30448368      0.03047433      14086.05014123
Ca        -2  -4   6     300.000  200000.000      0.30448368      0.03047433      14086.05014123
Ca         2  -4   6     300.000  200000.000      0.30448368      0.03047433      14086.05014123
Ca        -4  -2   6     300.000  200000.000      0.30448368      0.03047433      14086.05014123
Ca         4  -2   6     300.000  200000.000      0.30448368      0.03047433      14086.05014123
Ca        -4   2   6     300.000  200000.000      0.30448368      0.03047433      14086.05014123
Ca         4   2   6     300.000  200000.000      0.30448368      0.03047433      14086.05014123
Ca        -2   4   6     300.000  200000.000      0.30448368      0.03047433      14086.05014123
Ca         2   4   6     300.000  200000.000      0.30448368      0.03047433      14086.05014123
Ca        -1  -3  -7     300.000  200000.000      0.27679213      0.02787286      15494.33698270
Ca        -3  -1  -7     300.000  200000.000      0.27679213      0.02787286      15494.33698270
Ca        -3  -5  -5     300.000  200000.000      0.27679213      0.02787286      15494.33698270
Ca        -5  -3  -5     300.000  200000.000      0.27679213      0.02787286      15494.33698270
Ca        -1  -7  -3     300.000  200000.000      0.27679213      0.02787286      15494.33698270
Ca        -5  -5  -3     300.000  200000.000      0.27679213      0.02787286      15494.33698270
Ca        -7  -1  -3     300.000  200000.000      0.27679213      0.02787286      15494.33698270
Ca        -3  -7  -1     300.000  200000.000      0.27679213      0.02787286      15494.33698270
Ca        -7  -3  -1     300.000  200000.000      0.27679213      0.02787286      15494.33698270
Ca         7   3   1     300.000  200000.000      0.27679213      0.02787286      15494.33698270
Ca         3   7   1     300.000  200000.000      0.27679213      0.02787286      15494.33698270
Ca         7   1   3     300.000  200000.000      0.27679213      0.02787286      15494.33698270
Ca         5   5   3     300.000  200000.000      0.27679213      0.02787286      15494.33698270
Ca         1   7   3     300.000  200000.000      0.27679213      0.02787286      15494.33698270
Ca         5   3   5     300.000  200000.000      0.27679213      0.02787286      15494.33698270
Ca         3   5   5     300.000  200000.000      0.27679213      0.02787286      15494.33698270
Ca         3   1   7     300.000  200000.000      0.27679213      0.02787286      15494.33698270
Ca         1   3   7     300.000  200000.000      0.27679213      0.02787286      15494.33698270
Ca         0   0  -8     300.000  200000.000      0.23739247      0.02399343      18065.23823083
Ca         0  -8   0     300.000  200000.000      0.23739247      0.02399343      18065.23823083
Ca        -8   0   0     300.000  200000.000      0.23739247      0.02399343      18065.23823083
Ca         8   0   0     300.000  200000.000      0.23739247      0.02399343      18065.23823083
Ca         0   8   0     300.000  200000.000      0.23739247      0.02399343      18065.23823083
Ca         0   0   8     300.000  200000.000      0.23739247      0.02399343      18065.23823083
Ca        -3  -3  -7     300.000  200000.000      0.21714955      0.02191176      19749.62441036
Ca        -3  -7  -3     300.000  200000.000      0.21714955      0.02191176      19749.62441036
Ca        -7  -3  -3     300.000  200000.000      0.21714955      0.02191176      19749.62441036
Ca         7   3   3     300.000  200000.000      0.21714955      0.02191176      19749.62441036
Ca         3   7   3     300.000  200000.000      0.21714955      0.02191176      19749.62441036
Ca         3   3   7     300.000  200000.000      0.21714955      0.02191176      19749.62441036
Ca         0  -2  -8     300.000  200000.000      0.21089227      0.02125543      20335.84637012
Ca        -2   0  -8     300.000  200000.000      0.21089227      0.02125543      20335.84637012
Ca         2   0  -8     300.000  200000.000      0.21089227      0.02125543      20335.84637012
Ca         0   2  -8     300.000  200000.000      0.21089227      0.02125543      20335.84637012
Ca        -4  -4  -6     300.000  200000.000      0.21089227      0.02125543      20335.84637012
Ca         4  -4  -6     300.000  200000.000      0.21089227      0.02125543      20335.84637012
Ca        -4   4  -6     300.000  200000.000      0.21089227      0.02125543      20335.84637012
Ca         4   4  -6     300.000  200000.000      0.21089227      0.02125543      20335.84637012
Ca        -4  -6  -4     300.000  200000.000      0.21089227      0.02125543      20335.84637012
Ca         4  -6  -4     300.000  200000.000      0.21089227      0.02125543      20335.84637012
Ca        -6  -4  -4     300.000  200000.000      0.21089227      0.02125543      20335.84637012
Ca         6  -4  -4     300.000  200000.000      0.21089227      0.02125543      20335.84637012
Ca        -6   4  -4     300.000  200000.000      0.21089227      0.02125543      20335.84637012
Ca         6   4  -4     300.000  200000.000      0.21089227      0.02125543      20335.84637012
Ca        -4   6  -4     300.000  200000.000      0.21089227      0.02125543      20335.84637012
Ca         4   6  -4     300.000  200000.000      0.21089227      0.02125543      20335.84637012
Ca         0  -8  -2     300.000  200000.000      0.21089227      0.02125543      20335.84637012
Ca        -8   0  -2     300.000  200000.000      0.21089227      0.02125543      20335.84637012
Ca         8   0  -2     300.000  200000.000      0.21089227      0.02125543      20335.84637012
Ca         0   8  -2     300.000  200000.000      0.21089227      0.02125543      20335.84637012
Ca        -2  -8   0     300.000  200000.000      0.21089227      0.02125543      20335.84637012
Ca         2  -8   0     300.000  200000.000      0.21089227      0.02125543      20335.84637012
Ca        -8  -2   0     300.000  200000.000      0.21089227      0.02125543      20335.84637012
Ca         8  -2   0     300.000  200000.000      0.21089227      0.02125543      20335.84637012
Ca        -8   2   0     300.000  200000.000      0.21089227      0.02125543      20335.84637012
Ca         8   2   0     300.000  200000.000      0.21089227      0.02125543      20335.84637012
Ca        -2   8   0     300.000  200000.000      0.21089227      0.02125543      20335.84637012
Ca         2   8   0     300.000  200000.000      0.21089227      0.02125543      20335.84637012
Ca         0  -8   2     300.000  200000.000      0.21089227      0.02125543      20335.84637012
Ca        -8   0   2     300.000  200000.000      0.21089227      0.02125543      20335.84637012
Ca         8   0   2     300.000  200000.000      0.21089227      0.02125543      20335.84637012
Ca         0   8   2     300.000  200000.000      0.21089227      0.02125543      20335.84637012
Ca        -4  -6   4     300.000  200000.000      0.21089227      0.02125543      20335.84637012
Ca         4  -6   4     300.000  200000.000      0.21089227      0.02125543      20335.84637012
Ca        -6  -4   4     300.000  200000.000      0.21089227      0.02125543      20335.84637012
Ca         6  -4   4     300.000  200000.000      0.21089227      0.02125543      20335.84637012
Ca        -6   4   4     300.000  200000.000      0.21089227      0.02125543      20335.84637012
Ca         6   4   4     300.000  200000.000      0.21089227      0.02125543      20335.84637012
Ca        -4   6   4     300.000  200000.000      0.21089227      0.02125543      20335.84637012
Ca         4   6   4     300.000  200000.000      0.21089227      0.02125543      20335.84637012
Ca        -4  -4   6     300.000  200000.000      0.21089227      0.02125543      20335.84637012
Ca         4  -4   6     300.000  200000.000      0.21089227      0.02125543      20335.84637012
Ca        -4   4   6     300.000  200000.000      0.21089227      0.02125543      20335.84637012
Ca         4   4   6     300.000  200000.000      0.21089227      0.02125543      20335.84637012
Ca         0  -2   8     300.000  200000.000      0.21089227      0.02125543      20335.84637012
Ca        -2   0   8     300.000  200000.000      0.21089227      0.02125543      20335.84637012
Ca         2   0   8     300.000  200000.000      0.21089227      0.02125543      20335.84637012
Ca         0   2   8     300.000  200000.000      0.21089227      0.02125543      20335.84637012
Ca        -2  -2  -8     300.000  200000.000      0.18803210      0.01880413      22809.97005404
Ca         2  -2  -8     300.000  200000.000      0.18803210      0.01880413      22809.97005404
Ca        -2   2  -8     300.000  200000.000      0.18803210      0.01880413      22809.97005404
Ca         2   2  -8     300.000  200000.000      0.18803210      0.01880413      22809.97005404
Ca         0  -6  -6     300.000  200000.000      0.18803210      0.01880413      22809.97005404
Ca        -6   0  -6     300.000  200000.000      0.18803210      0.01880413      22809.97005404
Ca         6   0  -6     300.000  200000.000      0.18803210      0.01880413      22809.97005404
Ca         0   6  -6     300.000  200000.000      0.18803210      0.01880413      22809.97005404
Ca        -2  -8  -2     300.000  200000.000      0.18803210      0.01880413      22809.97005404
Ca         2  -8  -2     300.000  200000.000      0.18803210      0.01880413      22809.97005404
Ca        -8  -2  -2     300.000  200000.000      0.18803210      0.01880413      22809.97005404
Ca         8  -2  -2     300.000  200000.000      0.18803210      0.01880413      22809.97005404
Ca        -8   2  -2     300.000  200000.000      0.18803210      0.01880413      22809.97005404
Ca         8   2  -2     300.000  200000.000      0.18803210      0.01880413      22809.97005404
Ca        -2   8  -2     300.000  200000.000      0.18803210      0.01880413      22809.97005404
Ca         2   8  -2     300.000  200000.000      0.18803210      0.01880413      22809.97005404
Ca        -6  -6   0     300.000  200000.000      0.18803210      0.01880413      22809.97005404
Ca         6  -6   0     300.000  200000.000      0.18803210      0.01880413      22809.97005404
Ca        -6   6   0     300.000  200000.000      0.18803210      0.01880413      22809.97005404
Ca         6   6   0     300.000  200000.000      0.18803210      0.01880413      22809.97005404
Ca        -2  -8   2     300.000  200000.000      0.18803210      0.01880413      22809.97005404
Ca         2  -8   2     300.000  200000.000      0.18803210      0.01880413      22809.97005404
Ca        -8  -2   2     300.000  200000.000      0.18803210      0.01880413      22809.97005404
Ca         8  -2   2     300.000  200000.000      0.18803210      0.01880413      22809.97005404
Ca        -8   2   2     300.000  200000.000      0.18803210      0.01880413      22809.97005404
Ca         8   2   2     300.000  200000.000      0.18803210      0.01880413      22809.97005404
Ca        -2   8   2     300.000  200000.000      0.18803210      0.01880413      22809.97005404
Ca         2   8   2     300.000  200000.000      0.18803210      0.01880413      22809.97005404
Ca         0  -6   6     300.000  200000.000      0.18803210      0.01880413      22809.97005404
Ca        -6   0   6     300.000  200000.000      0.18803210      0.01880413      22809.97005404
Ca         6   0   6     300.000  200000.000      0.18803210      0.01880413      22809.97005404
Ca         0   6   6     300.000  200000.000      0.18803210      0.01880413      22809.97005404
Ca        -2  -2   8     300.000  200000.000      0.18803210      0.01880413      22809.97005404
Ca         2  -2   8     300.000  200000.000      0.18803210      0.01880413      22809.97005404
Ca        -2   2   8     300.000  200000.000      0.18803210      0.01880413      22809.97005404
Ca         2   2   8     300.000  200000.000      0.18803210      0.01880413      22809.97005404
Ca        -5  -5  -5     300.000  200000.000      0.17290745      0.01713512      24807.42873599
Ca         5   5   5     300.000  200000.000      0.17290745      0.01713512      24807.42873599
Ca        -1  -5  -7     300.000  200000.000      0.17290745      0.01713512      24807.42873599
Ca        -5  -1  -7     300.000  200000.000      0.17290745      0.01713512      24807.42873599
Ca        -1  -7  -5     300.000  200000.000      0.17290745      0.01713512      24807.42873599
Ca        -7  -1  -5     300.000  200000.000      0.17290745      0.01713512      24807.42873599
Ca        -5  -7  -1     300.000  200000.000      0.17290745      0.01713512      24807.42873599
Ca        -7  -5  -1     300.000  200000.000      0.17290745      0.01713512      24807.42873599
Ca         7   5   1     300.000  200000.000      0.17290745      0.01713512      24807.42873599
Ca         5   7   1     300.000  200000.000      0.17290745      0.01713512      24807.42873599
Ca         7   1   5     300.000  200000.000      0.17290745      0.01713512      24807.42873599
Ca         1   7   5     300.000  200000.000      0.17290745      0.01713512      24807.42873599
Ca         5   1   7     300.000  200000.000      0.17290745      0.01713512      24807.42873599
Ca         1   5   7     300.000  200000.000      0.17290745      0.01713512      24807.42873599
Ca        -2  -6  -6     300.000  200000.000      0.16820724      0.01660871      25501.52227072
Ca         2  -6  -6     300.000  200000.000      0.16820724      0.01660871      25501.52227072
Ca        -6  -2  -6     300.000  200000.000      0.16820724      0.01660871      25501.52227072
Ca         6  -2  -6     300.000  200000.000      0.16820724      0.01660871      25501.52227072
Ca        -6   2  -6     300.000  200000.000      0.16820724      0.01660871      25501.52227072
Ca         6   2  -6     300.000  200000.000      0.16820724      0.01660871      25501.52227072
Ca        -2   6  -6     300.000  200000.000      0.16820724      0.01660871      25501.52227072
Ca         2   6  -6     300.000  200000.000      0.16820724      0.01660871      25501.52227072
Ca        -6  -6  -2     300.000  200000.000      0.16820724      0.01660871      25501.52227072
Ca         6  -6  -2     300.000  200000.000      0.16820724      0.01660871      25501.52227072
Ca        -6   6  -2     300.000  200000.000      0.16820724      0.01660871      25501.52227072
Ca         6   6  -2     300.000  200000.000      0.16820724      0.01660871      25501.52227072
Ca        -6  -6   2     300.000  200000.000      0.16820724      0.01660871      25501.52227072
Ca         6  -6   2     300.000  200000.000      0.16820724      0.01660871      25501.52227072
Ca        -6   6   2     300.000  200000.000      0.16820724      0.01660871      25501.52227072
Ca         6   6   2     300.000  200000.000      0.16820724      0.01660871      25501.52227072
Ca        -2  -6   6     300.000  200000.000      0.16820724      0.01660871      25501.52227072
Ca         2  -6   6     300.000  200000.000      0.16820724      0.01660871      25501.52227072
Ca        -6  -2   6     300.000  200000.000      0.16820724      0.01660871      25501.52227072
Ca         6  -2   6     300.000  200000.000      0.16820724      0.01660871      25501.52227072
Ca        -6   2   6     300.000  200000.000      0.16820724      0.01660871      25501.52227072
Ca         6   2   6     300.000  200000.000      0.16820724      0.01660871      25501.52227072
Ca        -2   6   6     300.000  200000.000      0.16820724      0.01660871      25501.52227072
Ca         2   6   6     300.000  200000.000      0.16820724      0.01660871      25501.52227072
Ca         0  -4  -8     300.000  200000.000      0.15092687      0.01464197      28426.07452584
Ca        -4   0  -8     300.000  200000.000      0.15092687      0.01464197      28426.07452584
Ca         4   0  -8     300.000  200000.000      0.15092687      0.01464197      28426.07452584
Ca         0   4  -8     300.000  200000.000      0.15092687      0.01464197      28426.07452584
Ca         0  -8  -4     300.000  200000.000      0.15092687      0.01464197      28426.07452584
Ca        -8   0  -4     300.000  200000.000      0.15092687      0.01464197      28426.07452584
Ca         8   0  -4     300.000  200000.000      0.15092687      0.01464197      28426.07452584
Ca         0   8  -4     300.000  200000.000      0.15092687      0.01464197      28426.07452584
Ca        -4  -8   0     300.000  200000.000      0.15092687      0.01464197      28426.07452584
Ca         4  -8   0     300.000  200000.000      0.15092687      0.01464197      28426.07452584
Ca        -8  -4   0     300.000  200000.000      0.15092687      0.01464197      28426.07452584
Ca         8  -4   0     300.000  200000.000      0.15092687      0.01464197      28426.07452584
Ca        -8   4   0     300.000  200000.000      0.15092687      0.01464197      28426.07452584
Ca         8   4   0     300.000  200000.000      0.15092687      0.01464197      28426.07452584
Ca        -4   8   0     300.000  200000.000      0.15092687      0.01464197      28426.07452584
Ca         4   8   0     300.000  200000.000      0.15092687      0.01464197      28426.07452584
Ca         0  -8   4     300.000  200000.000      0.15092687      0.01464197      28426.07452584
Ca        -8   0   4     300.000  200000.000      0.15092687      0.01464197      28426.07452584
Ca         8   0   4     300.000  200000.000      0.15092687      0.01464197      28426.07452584
Ca         0   8   4     300.000  200000.000      0.15092687      0.01464197      28426.07452584
Ca         0  -4   8     300.000  200000.000      0.15092687      0.01464197      28426.07452584
Ca        -4   0   8     300.000  200000.000      0.15092687      0.01464197      28426.07452584
Ca         4   0   8     300.000  200000.000      0.15092687      0.01464197      28426.07452584
Ca         0   4   8     300.000  200000.000      0.15092687      0.01464197      28426.07452584
Ca        -1  -1  -9     300.000  200000.000      0.13939302      0.01330240      30782.78963307
Ca        -1  -9  -1     300.000  200000.000      0.13939302      0.01330240      30782.78963307
Ca        -9  -1  -1     300.000  200000.000      0.13939302      0.01330240      30782.78963307
Ca         9   1   1     300.000  200000.000      0.13939302      0.01330240      30782.78963307
Ca         1   9   1     300.000  200000.000      0.13939302      0.01330240      30782.78963307
Ca         1   1   9     300.000  200000.000      0.13939302      0.01330240      30782.78963307
Ca        -3  -5  -7     300.000  200000.000      0.13939302      0.01330240      30782.78963307
Ca        -5  -3  -7     300.000  200000.000      0.13939302      0.01330240      30782.78963307
Ca        -3  -7  -5     300.000  200000.000      0.13939302      0.01330240      30782.78963307
Ca        -7  -3  -5     300.000  200000.000      0.13939302      0.01330240      30782.78963307
Ca        -5  -7  -3     300.000  200000.000      0.13939302      0.01330240      30782.78963307
Ca        -7  -5  -3     300.000  200000.000      0.13939302      0.01330240      30782.78963307
Ca         7   5   3     300.000  200000.000      0.13939302      0.01330240      30782.78963307
Ca         5   7   3     300.000  200000.000      0.13939302      0.01330240      30782.78963307
Ca         7   3   5     300.000  200000.000      0.13939302      0.01330240      30782.78963307
Ca         3   7   5     300.000  200000.000      0.13939302      0.01330240      30782.78963307
Ca         5   3   7     300.000  200000.000      0.13939302      0.01330240      30782.78963307
Ca         3   5   7     300.000  200000.000      0.13939302      0.01330240      30782.78963307
Ca        -2  -4  -8     300.000  200000.000      0.13579118      0.01287983      31601.02803841
Ca         2  -4  -8     300.000  200000.000      0.13579118      0.01287983      31601.02803841
Ca        -4  -2  -8     300.000  200000.000      0.13579118      0.01287983      31601.02803841
Ca         4  -2  -8     300.000  200000.000      0.13579118      0.01287983      31601.02803841
Ca        -4   2  -8     300.000  200000.000      0.13579118      0.01287983      31601.02803841
Ca         4   2  -8     300.000  200000.000      0.13579118      0.01287983      31601.02803841
Ca        -2   4  -8     300.000  200000.000      0.13579118      0.01287983      31601.02803841
Ca         2   4  -8     300.000  200000.000      0.13579118      0.01287983      31601.02803841
Ca        -2  -8  -4     300.000  200000.000      0.13579118      0.01287983      31601.02803841
Ca         2  -8  -4     300.000  200000.000      0.13579118      0.01287983      31601.02803841
Ca        -8  -2  -4     300.000  200000.000      0.13579118      0.01287983      31601.02803841
Ca         8  -2  -4     300.000  200000.000      0.13579118      0.01287983      31601.02803841
Ca        -8   2  -4     300.000  200000.000      0.13579118      0.01287983      31601.02803841
Ca         8   2  -4     300.000  200000.000      0.13579118      0.01287983      31601.02803841
Ca        -2   8  -4     300.000  200000.000      0.13579118      0.01287983      31601.02803841
Ca         2   8  -4     300.000  200000.000      0.13579118      0.01287983      31601.02803841
Ca        -4  -8  -2     300.000  200000.000      0.13579118      0.01287983      31601.02803841
Ca         4  -8  -2     300.000  200000.000      0.13579118      0.01287983      31601.02803841
Ca        -8  -4  -2     300.000  200000.000      0.13579118      0.01287983      31601.02803841
Ca         8  -4  -2     300.000  200000.000      0.13579118      0.01287983      31601.02803841
Ca        -8   4  -2     300.000  200000.000      0.13579118      0.01287983      31601.02803841
Ca         8   4  -2     300.000  200000.000      0.13579118      0.01287983      31601.02803841
Ca        -4   8  -2     300.000  200000.000      0.13579118      0.01287983      31601.02803841
Ca         4   8  -2     300.000  200000.000      0.13579118      0.01287983      31601.02803841
Ca        -4  -8   2     300.000  200000.000      0.13579118      0.01287983      31601.02803841
Ca         4  -8   2     300.000  200000.000      0.13579118      0.01287983      31601.02803841
Ca        -8  -4   2     300.000  200000.000      0.13579118      0.01287983      31601.02803841
Ca         8  -4   2     300.000  200000.000      0.13579118      0.01287983      31601.02803841
Ca        -8   4   2     300.000  200000.000      0.13579118      0.01287983      31601.02803841
Ca         8   4   2     300.000  200000.000      0.13579118      0.01287983      31601.02803841
Ca        -4   8   2     300.000  200000.000      0.13579118      0.01287983      31601.02803841
Ca         4   8   2     300.000  200000.000      0.13579118      0.01287983      31601.02803841
Ca        -2  -8   4     300.000  200000.000      0.13579118      0.01287983      31601.02803841
Ca         2  -8   4     300.000  200000.000      0.13579118      0.01287983      31601.02803841
Ca        -8  -2   4     300.000  200000.000      0.13579118      0.01287983      31601.02803841
Ca         8  -2   4     300.000  200000.000      0.13579118      0.01287983      31601.02803841
Ca        -8   2   4     300.000  200000.000      0.13579118      0.01287983      31601.02803841
Ca         8   2   4     300.000  200000.000      0.13579118      0.01287983      31601.02803841
Ca        -2   8   4     300.000  200000.000      0.13579118      0.01287983      31601.02803841
Ca         2   8   4     300.000  200000.000      0.13579118      0.01287983      31601.02803841
Ca        -2  -4   8     300.000  200000.000      0.13579118      0.01287983      31601.02803841
Ca         2  -4   8     300.000  200000.000      0.13579118      0.01287983      31601.02803841
Ca        -4  -2   8     300.000  200000.000      0.13579118      0.01287983      31601.02803841
Ca         4  -2   8     300.000  200000.000      0.13579118      0.01287983      31601.02803841
Ca        -4   2   8     300.000  200000.000      0.13579118      0.01287983      31601.02803841
Ca         4   2   8     300.000  200000.000      0.13579118      0.01287983      31601.02803841
Ca        -2   4   8     300.000  200000.000      0.13579118      0.01287983      31601.02803841
Ca         2   4   8     300.000  200000.000      0.13579118      0.01287983      31601.02803841
Ca        -4  -6  -6     300.000  200000.000      0.12247318      0.01130093      35045.77052997
Ca         4  -6  -6     300.000  200000.000      0.12247318      0.01130093      35045.77052997
Ca        -6  -4  -6     300.000  200000.000      0.12247318      0.01130093      35045.77052997
Ca         6  -4  -6     300.000  200000.000      0.12247318      0.01130093      35045.77052997
Ca        -6   4  -6     300.000  200000.000      0.12247318      0.01130093      35045.77052997
Ca         6   4  -6     300.000  200000.000      0.12247318      0.01130093      35045.77052997
Ca        -4   6  -6     300.000  200000.000      0.12247318      0.01130093      35045.77052997
Ca         4   6  -6     300.000  200000.000      0.12247318      0.01130093      35045.77052997
Ca        -6  -6  -4     300.000  200000.000      0.12247318      0.01130093      35045.77052997
Ca         6  -6  -4     300.000  200000.000      0.12247318      0.01130093      35045.77052997
Ca        -6   6  -4     300.000  200000.000      0.12247318      0.01130093      35045.77052997
Ca         6   6  -4     300.000  200000.000      0.12247318      0.01130093      35045.77052997
Ca        -6  -6   4     300.000  200000.000      0.12247318      0.01130093      35045.77052997
Ca         6  -6   4     300.000  200000.000      0.12247318      0.01130093      35045.77052997
Ca        -6   6   4     300.000  200000.000      0.12247318      0.01130093      35045.77052997
Ca         6   6   4     300.000  200000.000      0.12247318      0.01130093      35045.77052997
Ca        -4  -6   6     300.000  200000.000      0.12247318      0.01130093      35045.77052997
Ca         4  -6   6     300.000  200000.000      0.12247318      0.01130093      35045.77052997
Ca        -6  -4   6     300.000  200000.000      0.12247318      0.01130093      35045.77052997
Ca         6  -4   6     300.000  200000.000      0.12247318      0.01130093      35045.77052997
Ca        -6   4   6     300.000  200000.000      0.12247318      0.01130093      35045.77052997
Ca         6   4   6     300.000  200000.000      0.12247318      0.01130093      35045.77052997
Ca        -4   6   6     300.000  200000.000      0.12247318      0.01130093      35045.77052997
Ca         4   6   6     300.000  200000.000      0.12247318      0.01130093      35045.77052997
Ca        -1  -3  -9     300.000  200000.000      0.11351411      0.01022552      37819.23862218
Ca        -3  -1  -9     300.000  200000.000      0.11351411      0.01022552      37819.23862218
Ca        -1  -9  -3     300.000  200000.000      0.11351411      0.01022552      37819.23862218
Ca        -9  -1  -3     300.000  200000.000      0.11351411      0.01022552      37819.23862218
Ca        -3  -9  -1     300.000  200000.000      0.11351411      0.01022552      37819.23862218
Ca        -9  -3  -1     300.000  200000.000      0.11351411      0.01022552      37819.23862218
Ca         9   3   1     300.000  200000.000      0.11351411      0.01022552      37819.23862218
Ca         3   9   1     300.000  200000.000      0.11351411      0.01022552      37819.23862218
Ca         9   1   3     300.000  200000.000      0.11351411      0.01022552      37819.23862218
Ca         1   9   3     300.000  200000.000      0.11351411      0.01022552      37819.23862218
Ca         3   1   9     300.000  200000.000      0.11351411      0.01022552      37819.23862218
Ca         1   3   9     300.000  200000.000      0.11351411      0.01022552      37819.23862218
Ca        -4  -4  -8     300.000  200000.000      0.10026295      0.00861906      42832.98407682
Ca         4  -4  -8     300.000  200000.000      0.10026295      0.00861906      42832.98407682
Ca        -4   4  -8     300.000  200000.000      0.10026295      0.00861906      42832.98407682
Ca         4   4  -8     300.000  200000.000      0.10026295      0.00861906      42832.98407682
Ca        -4  -8  -4     300.000  200000.000      0.10026295      0.00861906      42832.98407682
Ca         4  -8  -4     300.000  200000.000      0.10026295      0.00861906      42832.98407682
Ca        -8  -4  -4     300.000  200000.000      0.10026295      0.00861906      42832.98407682
Ca         8  -4  -4     300.000  200000.000      0.10026295      0.00861906      42832.98407682
Ca        -8   4  -4     300.000  200000.000      0.10026295      0.00861906      42832.98407682
Ca         8   4  -4     300.000  200000.000      0.10026295      0.00861906      42832.98407682
Ca        -4   8  -4     300.000  200000.000      0.10026295      0.00861906      42832.98407682
Ca         4   8  -4     300.000  200000.000      0.10026295      0.00861906      42832.98407682
Ca        -4  -8   4     300.000  200000.000      0.10026295      0.00861906      42832.98407682
Ca         4  -8   4     300.000  200000.000      0.10026295      0.00861906      42832.98407682
Ca        -8  -4   4     300.000  200000.000      0.10026295      0.00861906      42832.98407682
Ca         8  -4   4     300.000  200000.000      0.10026295      0.00861906      42832.98407682
Ca        -8   4   4     300.000  200000.000      0.10026295      0.00861906      42832.98407682
Ca         8   4   4     300.000  200000.000      0.10026295      0.00861906      42832.98407682
Ca        -4   8   4     300.000  200000.000      0.10026295      0.00861906      42832.98407682
Ca         4   8   4     300.000  200000.000      0.10026295      0.00861906      42832.98407682
Ca        -4  -4   8     300.000  200000.000      0.10026295      0.00861906      42832.98407682
Ca         4  -4   8     300.000  200000.000      0.10026295      0.00861906      42832.98407682
Ca        -4   4   8     300.000  200000.000      0.10026295      0.00861906      42832.98407682
Ca         4   4   8     300.000  200000.000      0.10026295      0.00861906      42832.98407682
Ca        -3  -3  -9     300.000  200000.000      0.09319141      0.00775625      46093.81975470
Ca        -3  -9  -3     300.000  200000.000      0.09319141      0.00775625      46093.81975470
Ca        -9  -3  -3     300.000  200000.000      0.09319141      0.00775625      46093.81975470
Ca         9   3   3     300.000  200000.000      0.09319141      0.00775625      46093.81975470
Ca         3   9   3     300.000  200000.000      0.09319141      0.00775625      46093.81975470
Ca         3   3   9     300.000  200000.000      0.09319141      0.00775625      46093.81975470
Ca        -1  -7  -7     300.000  200000.000      0.09319141      0.00775625      46093.81975470
Ca        -5  -5  -7     300.000  200000.000      0.09319141      0.00775625      46093.81975470
Ca        -7  -1  -7     300.000  200000.000      0.09319141      0.00775625      46093.81975470
Ca        -5  -7  -5     300.000  200000.000      0.09319141      0.00775625      46093.81975470
Ca        -7  -5  -5     300.000  200000.000      0.09319141      0.00775625      46093.81975470
Ca        -7  -7  -1     300.000  200000.000      0.09319141      0.00775625      46093.81975470
Ca         7   7   1     300.000  200000.000      0.09319141      0.00775625      46093.81975470
Ca         7   5   5     300.000  200000.000      0.09319141      0.00775625      46093.81975470
Ca         5   7   5     300.000  200000.000      0.09319141      0.00775625      46093.81975470
Ca         7   1   7     300.000  200000.000      0.09319141      0.00775625      46093.81975470
Ca         5   5   7     300.000  200000.000      0.09319141      0.00775625      46093.81975470
Ca         1   7   7     300.000  200000.000      0.09319141      0.00775625      46093.81975470
Ca         0   0 -10     300.000  200000.000      0.09096543      0.00748417      47225.46879049
Ca         0  -6  -8     300.000  200000.000      0.09096543      0.00748417      47225.46879049
Ca        -6   0  -8     300.000  200000.000      0.09096543      0.00748417      47225.46879049
Ca         6   0  -8     300.000  200000.000      0.09096543      0.00748417      47225.46879049
Ca         0   6  -8     300.000  200000.000      0.09096543      0.00748417      47225.46879049
Ca         0  -8  -6     300.000  200000.000      0.09096543      0.00748417      47225.46879049
Ca        -8   0  -6     300.000  200000.000      0.09096543      0.00748417      47225.46879049
Ca         8   0  -6     300.000  200000.000      0.09096543      0.00748417      47225.46879049
Ca         0   8  -6     300.000  200000.000      0.09096543      0.00748417      47225.46879049
Ca         0 -10   0     300.000  200000.000      0.09096543      0.00748417      47225.46879049
Ca        -6  -8   0     300.000  200000.000      0.09096543      0.00748417      47225.46879049
Ca         6  -8   0     300.000  200000.000      0.09096543      0.00748417      47225.46879049
Ca        -8  -6   0     300.000  200000.000      0.09096543      0.00748417      47225.46879049
Ca         8  -6   0     300.000  200000.000      0.09096543      0.00748417      47225.46879049
Ca       -10   0   0     300.000  200000.000      0.09096543      0.00748417      47225.46879049
Ca        10   0   0     300.000  200000.000      0.09096543      0.00748417      47225.46879049
Ca        -8   6   0     300.000  200000.000      0.09096543      0.00748417      47225.46879049
Ca         8   6   0     300.000  200000.000      0.09096543      0.00748417      47225.46879049
Ca        -6   8   0     300.000  200000.000      0.09096543      0.00748417      47225.46879049
Ca         6   8   0     300.000  200000.000      0.09096543      0.00748417      47225.46879049
Ca         0  10   0     300.000  200000.000      0.09096543      0.00748417      47225.46879049
Ca         0  -8   6     300.000  200000.000      0.09096543      0.00748417      47225.46879049
Ca        -8   0   6     300.000  200000.000      0.09096543      0.00748417      47225.46879049
Ca         8   0   6     300.000  200000.000      0.09096543      0.00748417      47225.46879049
Ca         0   8   6     300.000  200000.000      0.09096543      0.00748417      47225.46879049
Ca         0  -6   8     300.000  200000.000      0.09096543      0.00748417      47225.46879049
Ca        -6   0   8     300.000  200000.000      0.09096543      0.00748417      47225.46879049
Ca         6   0   8     300.000  200000.000      0.09096543      0.00748417      47225.46879049
Ca         0   6   8     300.000  200000.000      0.09096543      0.00748417      47225.46879049
Ca         0   0  10     300.000  200000.000      0.09096543      0.00748417      47225.46879049
