# test_Lib_CrystalStructureFactor v.0.0.1
 element           g       T (K)       V (V)         Re(U_g)         Im(U_g)                xi_g
Cu         0   0   0     300.000  200000.000     22.66837492      0.58770529        190.08651723
Cu        -1  -1  -1     300.000  200000.000     11.36109610      0.54393280        378.96596274
Cu         1   1   1     300.000  200000.000     11.36109610      0.54393280        378.96596274
Cu         0   0  -2     300.000  200000.000     10.10428969      0.53025598        426.00493131
Cu         0  -2   0     300.000  200000.000     10.10428969      0.53025598        426.00493131
Cu        -2   0   0     300.000  200000.000     10.10428969      0.53025598        426.00493131
Cu         2   0   0     300.000  200000.000     10.10428969      0.53025598        426.00493131
Cu         0   2   0     300.000  200000.000     10.10428969      0.53025598        426.00493131
Cu         0   0   2     300.000  200000.000     10.10428969      0.53025598        426.00493131
Cu         0  -2  -2     300.000  200000.000      7.08404523      0.47962025        607.07616979
Cu        -2   0  -2     300.000  200000.000      7.08404523      0.47962025        607.07616979
Cu         2   0  -2     300.000  200000.000      7.08404523      0.47962025        607.07616979
Cu         0   2  -2     300.000  200000.000      7.08404523      0.47962025        607.07616979
Cu        -2  -2   0     300.000  200000.000      7.08404523      0.47962025        607.07616979
Cu         2  -2   0     300.000  200000.000      7.08404523      0.47962025        607.07616979
Cu        -2   2   0     300.000  200000.000      7.08404523      0.47962025        607.07616979
Cu         2   2   0     300.000  200000.000      7.08404523      0.47962025        607.07616979
Cu         0  -2   2     300.000  200000.000      7.08404523      0.47962025        607.07616979
Cu        -2   0   2     300.000  200000.000      7.08404523      0.47962025        607.07616979
Cu         2   0   2     300.000  200000.000      7.08404523      0.47962025        607.07616979
Cu         0   2   2     300.000  200000.000      7.08404523      0.47962025        607.07616979
Cu        -1  -1  -3     300.000  200000.000      5.79518073      0.44547025        741.60271360
Cu        -1  -3  -1     300.000  200000.000      5.79518073      0.44547025        741.60271360
Cu        -3  -1  -1     300.000  200000.000      5.79518073      0.44547025        741.60271360
Cu         3   1   1     300.000  200000.000      5.79518073      0.44547025        741.60271360
Cu         1   3   1     300.000  200000.000      5.79518073      0.44547025        741.60271360
Cu         1   1   3     300.000  200000.000      5.79518073      0.44547025        741.60271360
Cu        -2  -2  -2     300.000  200000.000      5.46209854      0.43474038        786.65953207
Cu         2  -2  -2     300.000  200000.000      5.46209854      0.43474038        786.65953207
Cu        -2   2  -2     300.000  200000.000      5.46209854      0.43474038        786.65953207
Cu         2   2  -2     300.000  200000.000      5.46209854      0.43474038        786.65953207
Cu        -2  -2   2     300.000  200000.000      5.46209854      0.43474038        786.65953207
Cu         2  -2   2     300.000  200000.000      5.46209854      0.43474038        786.65953207
Cu        -2   2   2     300.000  200000.000      5.46209854      0.43474038        786.65953207
Cu         2   2   2     300.000  200000.000      5.46209854      0.43474038        786.65953207
Cu         0   0  -4     300.000  200000.000      4.41989682      0.39476715        971.35973431
Cu         0  -4   0     300.000  200000.000      4.41989682      0.39476715        971.35973431
Cu        -4   0   0     300.000  200000.000      4.41989682      0.39476715        971.35973431
Cu         4   0   0     300.000  200000.000      4.41989682      0.39476715        971.35973431
Cu         0   4   0     300.000  200000.000      4.41989682      0.39476715        971.35973431
Cu         0   0   4     300.000  200000.000      4.41989682      0.39476715        971.35973431
Cu        -1  -3  -3     300.000  200000.000      3.83811414      0.36758803       1117.93621486
Cu        -3  -1  -3     300.000  200000.000      3.83811414      0.36758803       1117.93621486
Cu        -3  -3  -1     300.000  200000.000      3.83811414      0.36758803       1117.93621486
Cu         3   3   1     300.000  200000.000      3.83811414      0.36758803       1117.93621486
Cu         3   1   3     300.000  200000.000      3.83811414      0.36758803       1117.93621486
Cu         1   3   3     300.000  200000.000      3.83811414      0.36758803       1117.93621486
Cu         0  -2  -4     300.000  200000.000      3.67022315      0.35901200       1168.84600571
Cu        -2   0  -4     300.000  200000.000      3.67022315      0.35901200       1168.84600571
Cu         2   0  -4     300.000  200000.000      3.67022315      0.35901200       1168.84600571
Cu         0   2  -4     300.000  200000.000      3.67022315      0.35901200       1168.84600571
Cu         0  -4  -2     300.000  200000.000      3.67022315      0.35901200       1168.84600571
Cu        -4   0  -2     300.000  200000.000      3.67022315      0.35901200       1168.84600571
Cu         4   0  -2     300.000  200000.000      3.67022315      0.35901200       1168.84600571
Cu         0   4  -2     300.000  200000.000      3.67022315      0.35901200       1168.84600571
Cu        -2  -4   0     300.000  200000.000      3.67022315      0.35901200       1168.84600571
Cu         2  -4   0     300.000  200000.000      3.67022315      0.35901200       1168.84600571
Cu        -4  -2   0     300.000  200000.000      3.67022315      0.35901200       1168.84600571
Cu         4  -2   0     300.000  200000.000      3.67022315      0.35901200       1168.84600571
Cu        -4   2   0     300.000  200000.000      3.67022315      0.35901200       1168.84600571
Cu         4   2   0     300.000  200000.000      3.67022315      0.35901200       1168.84600571
Cu        -2   4   0     300.000  200000.000      3.67022315      0.35901200       1168.84600571
Cu         2   4   0     300.000  200000.000      3.67022315      0.35901200       1168.84600571
Cu         0  -4   2     300.000  200000.000      3.67022315      0.35901200       1168.84600571
Cu        -4   0   2     300.000  200000.000      3.67022315      0.35901200       1168.84600571
Cu         4   0   2     300.000  200000.000      3.67022315      0.35901200       1168.84600571
Cu         0   4   2     300.000  200000.000      3.67022315      0.35901200       1168.84600571
Cu         0  -2   4     300.000  200000.000      3.67022315      0.35901200       1168.84600571
Cu        -2   0   4     300.000  200000.000      3.67022315      0.35901200       1168.84600571
Cu         2   0   4     300.000  200000.000      3.67022315      0.35901200       1168.84600571
Cu         0   2   4     300.000  200000.000      3.67022315      0.35901200       1168.84600571
Cu        -2  -2  -4     300.000  200000.000      3.09616540      0.32691104       1384.47787051
Cu         2  -2  -4     300.000  200000.000      3.09616540      0.32691104       1384.47787051
Cu        -2   2  -4     300.000  200000.000      3.09616540      0.32691104       1384.47787051
Cu         2   2  -4     300.000  200000.000      3.09616540      0.32691104       1384.47787051
Cu        -2  -4  -2     300.000  200000.000      3.09616540      0.32691104       1384.47787051
Cu         2  -4  -2     300.000  200000.000      3.09616540      0.32691104       1384.47787051
Cu        -4  -2  -2     300.000  200000.000      3.09616540      0.32691104       1384.47787051
Cu         4  -2  -2     300.000  200000.000      3.09616540      0.32691104       1384.47787051
Cu        -4   2  -2     300.000  200000.000      3.09616540      0.32691104       1384.47787051
Cu         4   2  -2     300.000  200000.000      3.09616540      0.32691104       1384.47787051
Cu        -2   4  -2     300.000  200000.000      3.09616540      0.32691104       1384.47787051
Cu         2   4  -2     300.000  200000.000      3.09616540      0.32691104       1384.47787051
Cu        -2  -4   2     300.000  200000.000      3.09616540      0.32691104       1384.47787051
Cu         2  -4   2     300.000  200000.000      3.09616540      0.32691104       1384.47787051
Cu        -4  -2   2     300.000  200000.000      3.09616540      0.32691104       1384.47787051
Cu         4  -2   2     300.000  200000.000      3.09616540      0.32691104       1384.47787051
Cu        -4   2   2     300.000  200000.000      3.09616540      0.32691104       1384.47787051
Cu         4   2   2     300.000  200000.000      3.09616540      0.32691104       1384.47787051
Cu        -2   4   2     300.000  200000.000      3.09616540      0.32691104       1384.47787051
Cu         2   4   2     300.000  200000.000      3.09616540      0.32691104       1384.47787051
Cu        -2  -2   4     300.000  200000.000      3.09616540      0.32691104       1384.47787051
Cu         2  -2   4     300.000  200000.000      3.09616540      0.32691104       1384.47787051
Cu        -2   2   4     300.000  200000.000      3.09616540      0.32691104       1384.47787051
Cu         2   2   4     300.000  200000.000      3.09616540      0.32691104       1384.47787051
Cu        -1  -1  -5     300.000  200000.000      2.74624100      0.30494976       1559.97562520
Cu        -3  -3  -3     300.000  200000.000      2.74624100      0.30494976       1559.97562520
Cu        -1  -5  -1     300.000  200000.000      2.74624100      0.30494976       1559.97562520
Cu        -5  -1  -1     300.000  200000.000      2.74624100      0.30494976       1559.97562520
Cu         5   1   1     300.000  200000.000      2.74624100      0.30494976       1559.97562520
Cu         1   5   1     300.000  200000.000      2.74624100      0.30494976       1559.97562520
Cu         3   3   3     300.000  200000.000      2.74624100      0.30494976       1559.97562520
Cu         1   1   5     300.000  200000.000      2.74624100      0.30494976       1559.97562520
Cu         0  -4  -4     300.000  200000.000      2.27582213      0.27188301       1880.62436551
Cu        -4   0  -4     300.000  200000.000      2.27582213      0.27188301       1880.62436551
Cu         4   0  -4     300.000  200000.000      2.27582213      0.27188301       1880.62436551
Cu         0   4  -4     300.000  200000.000      2.27582213      0.27188301       1880.62436551
Cu        -4  -4   0     300.000  200000.000      2.27582213      0.27188301       1880.62436551
Cu         4  -4   0     300.000  200000.000      2.27582213      0.27188301       1880.62436551
Cu        -4   4   0     300.000  200000.000      2.27582213      0.27188301       1880.62436551
Cu         4   4   0     300.000  200000.000      2.27582213      0.27188301       1880.62436551
Cu         0  -4   4     300.000  200000.000      2.27582213      0.27188301       1880.62436551
Cu        -4   0   4     300.000  200000.000      2.27582213      0.27188301       1880.62436551
Cu         4   0   4     300.000  200000.000      2.27582213      0.27188301       1880.62436551
Cu         0   4   4     300.000  200000.000      2.27582213      0.27188301       1880.62436551
Cu        -1  -3  -5     300.000  200000.000      2.04631916      0.25393385       2090.38297451
Cu        -3  -1  -5     300.000  200000.000      2.04631916      0.25393385       2090.38297451
Cu        -1  -5  -3     300.000  200000.000      2.04631916      0.25393385       2090.38297451
Cu        -5  -1  -3     300.000  200000.000      2.04631916      0.25393385       2090.38297451
Cu        -3  -5  -1     300.000  200000.000      2.04631916      0.25393385       2090.38297451
Cu        -5  -3  -1     300.000  200000.000      2.04631916      0.25393385       2090.38297451
Cu         5   3   1     300.000  200000.000      2.04631916      0.25393385       2090.38297451
Cu         3   5   1     300.000  200000.000      2.04631916      0.25393385       2090.38297451
Cu         5   1   3     300.000  200000.000      2.04631916      0.25393385       2090.38297451
Cu         1   5   3     300.000  200000.000      2.04631916      0.25393385       2090.38297451
Cu         3   1   5     300.000  200000.000      2.04631916      0.25393385       2090.38297451
Cu         1   3   5     300.000  200000.000      2.04631916      0.25393385       2090.38297451
Cu         0   0  -6     300.000  200000.000      1.97705481      0.24823821       2163.22769655
Cu        -2  -4  -4     300.000  200000.000      1.97705481      0.24823821       2163.22769655
Cu         2  -4  -4     300.000  200000.000      1.97705481      0.24823821       2163.22769655
Cu        -4  -2  -4     300.000  200000.000      1.97705481      0.24823821       2163.22769655
Cu         4  -2  -4     300.000  200000.000      1.97705481      0.24823821       2163.22769655
Cu        -4   2  -4     300.000  200000.000      1.97705481      0.24823821       2163.22769655
Cu         4   2  -4     300.000  200000.000      1.97705481      0.24823821       2163.22769655
Cu        -2   4  -4     300.000  200000.000      1.97705481      0.24823821       2163.22769655
Cu         2   4  -4     300.000  200000.000      1.97705481      0.24823821       2163.22769655
Cu        -4  -4  -2     300.000  200000.000      1.97705481      0.24823821       2163.22769655
Cu         4  -4  -2     300.000  200000.000      1.97705481      0.24823821       2163.22769655
Cu        -4   4  -2     300.000  200000.000      1.97705481      0.24823821       2163.22769655
Cu         4   4  -2     300.000  200000.000      1.97705481      0.24823821       2163.22769655
Cu         0  -6   0     300.000  200000.000      1.97705481      0.24823821       2163.22769655
Cu        -6   0   0     300.000  200000.000      1.97705481      0.24823821       2163.22769655
Cu         6   0   0     300.000  200000.000      1.97705481      0.24823821       2163.22769655
Cu         0   6   0     300.000  200000.000      1.97705481      0.24823821       2163.22769655
Cu        -4  -4   2     300.000  200000.000      1.97705481      0.24823821       2163.22769655
Cu         4  -4   2     300.000  200000.000      1.97705481      0.24823821       2163.22769655
Cu        -4   4   2     300.000  200000.000      1.97705481      0.24823821       2163.22769655
Cu         4   4   2     300.000  200000.000      1.97705481      0.24823821       2163.22769655
Cu        -2  -4   4     300.000  200000.000      1.97705481      0.24823821       2163.22769655
Cu         2  -4   4     300.000  200000.000      1.97705481      0.24823821       2163.22769655
Cu        -4  -2   4     300.000  200000.000      1.97705481      0.24823821       2163.22769655
Cu         4  -2   4     300.000  200000.000      1.97705481      0.24823821       2163.22769655
Cu        -4   2   4     300.000  200000.000      1.97705481      0.24823821       2163.22769655
Cu         4   2   4     300.000  200000.000      1.97705481      0.24823821       2163.22769655
Cu        -2   4   4     300.000  200000.000      1.97705481      0.24823821       2163.22769655
Cu         2   4   4     300.000  200000.000      1.97705481      0.24823821       2163.22769655
Cu         0   0   6     300.000  200000.000      1.97705481      0.24823821       2163.22769655
Cu         0  -2  -6     300.000  200000.000      1.73080850      0.22678439       2469.29044290
Cu        -2   0  -6     300.000  200000.000      1.73080850      0.22678439       2469.29044290
Cu         2   0  -6     300.000  200000.000      1.73080850      0.22678439       2469.29044290
Cu         0   2  -6     300.000  200000.000      1.73080850      0.22678439       2469.29044290
Cu         0  -6  -2     300.000  200000.000      1.73080850      0.22678439       2469.29044290
Cu        -6   0  -2     300.000  200000.000      1.73080850      0.22678439       2469.29044290
Cu         6   0  -2     300.000  200000.000      1.73080850      0.22678439       2469.29044290
Cu         0   6  -2     300.000  200000.000      1.73080850      0.22678439       2469.29044290
Cu        -2  -6   0     300.000  200000.000      1.73080850      0.22678439       2469.29044290
Cu         2  -6   0     300.000  200000.000      1.73080850      0.22678439       2469.29044290
Cu        -6  -2   0     300.000  200000.000      1.73080850      0.22678439       2469.29044290
Cu         6  -2   0     300.000  200000.000      1.73080850      0.22678439       2469.29044290
Cu        -6   2   0     300.000  200000.000      1.73080850      0.22678439       2469.29044290
Cu         6   2   0     300.000  200000.000      1.73080850      0.22678439       2469.29044290
Cu        -2   6   0     300.000  200000.000      1.73080850      0.22678439       2469.29044290
Cu         2   6   0     300.000  200000.000      1.73080850      0.22678439       2469.29044290
Cu         0  -6   2     300.000  200000.000      1.73080850      0.22678439       2469.29044290
Cu        -6   0   2     300.000  200000.000      1.73080850      0.22678439       2469.29044290
Cu         6   0   2     300.000  200000.000      1.73080850      0.22678439       2469.29044290
Cu         0   6   2     300.000  200000.000      1.73080850      0.22678439       2469.29044290
Cu         0  -2   6     300.000  200000.000      1.73080850      0.22678439       2469.29044290
Cu        -2   0   6     300.000  200000.000      1.73080850      0.22678439       2469.29044290
Cu         2   0   6     300.000  200000.000      1.73080850      0.22678439       2469.29044290
Cu         0   2   6     300.000  200000.000      1.73080850      0.22678439       2469.29044290
Cu        -3  -3  -5     300.000  200000.000      1.57381858      0.21198667       2714.30448456
Cu        -3  -5  -3     300.000  200000.000      1.57381858      0.21198667       2714.30448456
Cu        -5  -3  -3     300.000  200000.000      1.57381858      0.21198667       2714.30448456
Cu         5   3   3     300.000  200000.000      1.57381858      0.21198667       2714.30448456
Cu         3   5   3     300.000  200000.000      1.57381858      0.21198667       2714.30448456
Cu         3   3   5     300.000  200000.000      1.57381858      0.21198667       2714.30448456
Cu        -2  -2  -6     300.000  200000.000      1.52600132      0.20728235       2798.93413207
Cu         2  -2  -6     300.000  200000.000      1.52600132      0.20728235       2798.93413207
Cu        -2   2  -6     300.000  200000.000      1.52600132      0.20728235       2798.93413207
Cu         2   2  -6     300.000  200000.000      1.52600132      0.20728235       2798.93413207
Cu        -2  -6  -2     300.000  200000.000      1.52600132      0.20728235       2798.93413207
Cu         2  -6  -2     300.000  200000.000      1.52600132      0.20728235       2798.93413207
Cu        -6  -2  -2     300.000  200000.000      1.52600132      0.20728235       2798.93413207
Cu         6  -2  -2     300.000  200000.000      1.52600132      0.20728235       2798.93413207
Cu        -6   2  -2     300.000  200000.000      1.52600132      0.20728235       2798.93413207
Cu         6   2  -2     300.000  200000.000      1.52600132      0.20728235       2798.93413207
Cu        -2   6  -2     300.000  200000.000      1.52600132      0.20728235       2798.93413207
Cu         2   6  -2     300.000  200000.000      1.52600132      0.20728235       2798.93413207
Cu        -2  -6   2     300.000  200000.000      1.52600132      0.20728235       2798.93413207
Cu         2  -6   2     300.000  200000.000      1.52600132      0.20728235       2798.93413207
Cu        -6  -2   2     300.000  200000.000      1.52600132      0.20728235       2798.93413207
Cu         6  -2   2     300.000  200000.000      1.52600132      0.20728235       2798.93413207
Cu        -6   2   2     300.000  200000.000      1.52600132      0.20728235       2798.93413207
Cu         6   2   2     300.000  200000.000      1.52600132      0.20728235       2798.93413207
Cu        -2   6   2     300.000  200000.000      1.52600132      0.20728235       2798.93413207
Cu         2   6   2     300.000  200000.000      1.52600132      0.20728235       2798.93413207
Cu        -2  -2   6     300.000  200000.000      1.52600132      0.20728235       2798.93413207
Cu         2  -2   6     300.000  200000.000      1.52600132      0.20728235       2798.93413207
Cu        -2   2   6     300.000  200000.000      1.52600132      0.20728235       2798.93413207
Cu         2   2   6     300.000  200000.000      1.52600132      0.20728235       2798.93413207
Cu        -4  -4  -4     300.000  200000.000      1.35416260      0.18952558       3152.34977155
Cu         4  -4  -4     300.000  200000.000      1.35416260      0.18952558       3152.34977155
Cu        -4   4  -4     300.000  200000.000      1.35416260      0.18952558       3152.34977155
Cu         4   4  -4     300.000  200000.000      1.35416260      0.18952558       3152.34977155
Cu        -4  -4   4     300.000  200000.000      1.35416260      0.18952558       3152.34977155
Cu         4  -4   4     300.000  200000.000      1.35416260      0.18952558       3152.34977155
Cu        -4   4   4     300.000  200000.000      1.35416260      0.18952558       3152.34977155
Cu         4   4   4     300.000  200000.000      1.35416260      0.18952558       3152.34977155
Cu        -1  -1  -7     300.000  200000.000      1.24292097      0.17724447       3433.22734209
Cu        -1  -5  -5     300.000  200000.000      1.24292097      0.17724447       3433.22734209
Cu        -5  -1  -5     300.000  200000.000      1.24292097      0.17724447       3433.22734209
Cu        -1  -7  -1     300.000  200000.000      1.24292097      0.17724447       3433.22734209
Cu        -5  -5  -1     300.000  200000.000      1.24292097      0.17724447       3433.22734209
Cu        -7  -1  -1     300.000  200000.000      1.24292097      0.17724447       3433.22734209
Cu         7   1   1     300.000  200000.000      1.24292097      0.17724447       3433.22734209
Cu         5   5   1     300.000  200000.000      1.24292097      0.17724447       3433.22734209
Cu         1   7   1     300.000  200000.000      1.24292097      0.17724447       3433.22734209
Cu         5   1   5     300.000  200000.000      1.24292097      0.17724447       3433.22734209
Cu         1   5   5     300.000  200000.000      1.24292097      0.17724447       3433.22734209
Cu         1   1   7     300.000  200000.000      1.24292097      0.17724447       3433.22734209
Cu         0  -4  -6     300.000  200000.000      1.20874266      0.17333457       3529.91044847
Cu        -4   0  -6     300.000  200000.000      1.20874266      0.17333457       3529.91044847
Cu         4   0  -6     300.000  200000.000      1.20874266      0.17333457       3529.91044847
Cu         0   4  -6     300.000  200000.000      1.20874266      0.17333457       3529.91044847
Cu         0  -6  -4     300.000  200000.000      1.20874266      0.17333457       3529.91044847
Cu        -6   0  -4     300.000  200000.000      1.20874266      0.17333457       3529.91044847
Cu         6   0  -4     300.000  200000.000      1.20874266      0.17333457       3529.91044847
Cu         0   6  -4     300.000  200000.000      1.20874266      0.17333457       3529.91044847
Cu        -4  -6   0     300.000  200000.000      1.20874266      0.17333457       3529.91044847
Cu         4  -6   0     300.000  200000.000      1.20874266      0.17333457       3529.91044847
Cu        -6  -4   0     300.000  200000.000      1.20874266      0.17333457       3529.91044847
Cu         6  -4   0     300.000  200000.000      1.20874266      0.17333457       3529.91044847
Cu        -6   4   0     300.000  200000.000      1.20874266      0.17333457       3529.91044847
Cu         6   4   0     300.000  200000.000      1.20874266      0.17333457       3529.91044847
Cu        -4   6   0     300.000  200000.000      1.20874266      0.17333457       3529.91044847
Cu         4   6   0     300.000  200000.000      1.20874266      0.17333457       3529.91044847
Cu         0  -6   4     300.000  200000.000      1.20874266      0.17333457       3529.91044847
Cu        -6   0   4     300.000  200000.000      1.20874266      0.17333457       3529.91044847
Cu         6   0   4     300.000  200000.000      1.20874266      0.17333457       3529.91044847
Cu         0   6   4     300.000  200000.000      1.20874266      0.17333457       3529.91044847
Cu         0  -4   6     300.000  200000.000      1.20874266      0.17333457       3529.91044847
Cu        -4   0   6     300.000  200000.000      1.20874266      0.17333457       3529.91044847
Cu         4   0   6     300.000  200000.000      1.20874266      0.17333457       3529.91044847
Cu         0   4   6     300.000  200000.000      1.20874266      0.17333457       3529.91044847
Cu        -2  -4  -6     300.000  200000.000      1.08464249      0.15855237       3932.23793221
Cu         2  -4  -6     300.000  200000.000      1.08464249      0.15855237       3932.23793221
Cu        -4  -2  -6     300.000  200000.000      1.08464249      0.15855237       3932.23793221
Cu         4  -2  -6     300.000  200000.000      1.08464249      0.15855237       3932.23793221
Cu        -4   2  -6     300.000  200000.000      1.08464249      0.15855237       3932.23793221
Cu         4   2  -6     300.000  200000.000      1.08464249      0.15855237       3932.23793221
Cu        -2   4  -6     300.000  200000.000      1.08464249      0.15855237       3932.23793221
Cu         2   4  -6     300.000  200000.000      1.08464249      0.15855237       3932.23793221
Cu        -2  -6  -4     300.000  200000.000      1.08464249      0.15855237       3932.23793221
Cu         2  -6  -4     300.000  200000.000      1.08464249      0.15855237       3932.23793221
Cu        -6  -2  -4     300.000  200000.000      1.08464249      0.15855237       3932.23793221
Cu         6  -2  -4     300.000  200000.000      1.08464249      0.15855237       3932.23793221
Cu        -6   2  -4     300.000  200000.000      1.08464249      0.15855237       3932.23793221
Cu         6   2  -4     300.000  200000.000      1.08464249      0.15855237       3932.23793221
Cu        -2   6  -4     300.000  200000.000      1.08464249      0.15855237       3932.23793221
Cu         2   6  -4     300.000  200000.000      1.08464249      0.15855237       3932.23793221
Cu        -4  -6  -2     300.000  200000.000      1.08464249      0.15855237       3932.23793221
Cu         4  -6  -2     300.000  200000.000      1.08464249      0.15855237       3932.23793221
Cu        -6  -4  -2     300.000  200000.000      1.08464249      0.15855237       3932.23793221
Cu         6  -4  -2     300.000  200000.000      1.08464249      0.15855237       3932.23793221
Cu        -6   4  -2     300.000  200000.000      1.08464249      0.15855237       3932.23793221
Cu         6   4  -2     300.000  200000.000      1.08464249      0.15855237       3932.23793221
Cu        -4   6  -2     300.000  200000.000      1.08464249      0.15855237       3932.23793221
Cu         4   6  -2     300.000  200000.000      1.08464249      0.15855237       3932.23793221
Cu        -4  -6   2     300.000  200000.000      1.08464249      0.15855237       3932.23793221
Cu         4  -6   2     300.000  200000.000      1.08464249      0.15855237       3932.23793221
Cu        -6  -4   2     300.000  200000.000      1.08464249      0.15855237       3932.23793221
Cu         6  -4   2     300.000  200000.000      1.08464249      0.15855237       3932.23793221
Cu        -6   4   2     300.000  200000.000      1.08464249      0.15855237       3932.23793221
Cu         6   4   2     300.000  200000.000      1.08464249      0.15855237       3932.23793221
Cu        -4   6   2     300.000  200000.000      1.08464249      0.15855237       3932.23793221
Cu         4   6   2     300.000  200000.000      1.08464249      0.15855237       3932.23793221
Cu        -2  -6   4     300.000  200000.000      1.08464249      0.15855237       3932.23793221
Cu         2  -6   4     300.000  200000.000      1.08464249      0.15855237       3932.23793221
Cu        -6  -2   4     300.000  200000.000      1.08464249      0.15855237       3932.23793221
Cu         6  -2   4     300.000  200000.000      1.08464249      0.15855237       3932.23793221
Cu        -6   2   4     300.000  200000.000      1.08464249      0.15855237       3932.23793221
Cu         6   2   4     300.000  200000.000      1.08464249      0.15855237       3932.23793221
Cu        -2   6   4     300.000  200000.000      1.08464249      0.15855237       3932.23793221
Cu         2   6   4     300.000  200000.000      1.08464249      0.15855237       3932.23793221
Cu        -2  -4   6     300.000  200000.000      1.08464249      0.15855237       3932.23793221
Cu         2  -4   6     300.000  200000.000      1.08464249      0.15855237       3932.23793221
Cu        -4  -2   6     300.000  200000.000      1.08464249      0.15855237       3932.23793221
Cu         4  -2   6     300.000  200000.000      1.08464249      0.15855237       3932.23793221
Cu        -4   2   6     300.000  200000.000      1.08464249      0.15855237       3932.23793221
Cu         4   2   6     300.000  200000.000      1.08464249      0.15855237       3932.23793221
Cu        -2   4   6     300.000  200000.000      1.08464249      0.15855237       3932.23793221
Cu         2   4   6     300.000  200000.000      1.08464249      0.15855237       3932.23793221
Cu        -1  -3  -7     300.000  200000.000      1.00312430      0.14830661       4250.76969530
Cu        -3  -1  -7     300.000  200000.000      1.00312430      0.14830661       4250.76969530
Cu        -3  -5  -5     300.000  200000.000      1.00312430      0.14830661       4250.76969530
Cu        -5  -3  -5     300.000  200000.000      1.00312430      0.14830661       4250.76969530
Cu        -1  -7  -3     300.000  200000.000      1.00312430      0.14830661       4250.76969530
Cu        -5  -5  -3     300.000  200000.000      1.00312430      0.14830661       4250.76969530
Cu        -7  -1  -3     300.000  200000.000      1.00312430      0.14830661       4250.76969530
Cu        -3  -7  -1     300.000  200000.000      1.00312430      0.14830661       4250.76969530
Cu        -7  -3  -1     300.000  200000.000      1.00312430      0.14830661       4250.76969530
Cu         7   3   1     300.000  200000.000      1.00312430      0.14830661       4250.76969530
Cu         3   7   1     300.000  200000.000      1.00312430      0.14830661       4250.76969530
Cu         7   1   3     300.000  200000.000      1.00312430      0.14830661       4250.76969530
Cu         5   5   3     300.000  200000.000      1.00312430      0.14830661       4250.76969530
Cu         1   7   3     300.000  200000.000      1.00312430      0.14830661       4250.76969530
Cu         5   3   5     300.000  200000.000      1.00312430      0.14830661       4250.76969530
Cu         3   5   5     300.000  200000.000      1.00312430      0.14830661       4250.76969530
Cu         3   1   7     300.000  200000.000      1.00312430      0.14830661       4250.76969530
Cu         1   3   7     300.000  200000.000      1.00312430      0.14830661       4250.76969530
Cu         0   0  -8     300.000  200000.000      0.88529634      0.13267853       4815.10344047
Cu         0  -8   0     300.000  200000.000      0.88529634      0.13267853       4815.10344047
Cu        -8   0   0     300.000  200000.000      0.88529634      0.13267853       4815.10344047
Cu         8   0   0     300.000  200000.000      0.88529634      0.13267853       4815.10344047
Cu         0   8   0     300.000  200000.000      0.88529634      0.13267853       4815.10344047
Cu         0   0   8     300.000  200000.000      0.88529634      0.13267853       4815.10344047
Cu        -3  -3  -7     300.000  200000.000      0.82366899      0.12409518       5174.76944840
Cu        -3  -7  -3     300.000  200000.000      0.82366899      0.12409518       5174.76944840
Cu        -7  -3  -3     300.000  200000.000      0.82366899      0.12409518       5174.76944840
Cu         7   3   3     300.000  200000.000      0.82366899      0.12409518       5174.76944840
Cu         3   7   3     300.000  200000.000      0.82366899      0.12409518       5174.76944840
Cu         3   3   7     300.000  200000.000      0.82366899      0.12409518       5174.76944840
Cu         0  -2  -8     300.000  200000.000      0.80443783      0.12135691       5298.32474080
Cu        -2   0  -8     300.000  200000.000      0.80443783      0.12135691       5298.32474080
Cu         2   0  -8     300.000  200000.000      0.80443783      0.12135691       5298.32474080
Cu         0   2  -8     300.000  200000.000      0.80443783      0.12135691       5298.32474080
Cu        -4  -4  -6     300.000  200000.000      0.80443783      0.12135691       5298.32474080
Cu         4  -4  -6     300.000  200000.000      0.80443783      0.12135691       5298.32474080
Cu        -4   4  -6     300.000  200000.000      0.80443783      0.12135691       5298.32474080
Cu         4   4  -6     300.000  200000.000      0.80443783      0.12135691       5298.32474080
Cu        -4  -6  -4     300.000  200000.000      0.80443783      0.12135691       5298.32474080
Cu         4  -6  -4     300.000  200000.000      0.80443783      0.12135691       5298.32474080
Cu        -6  -4  -4     300.000  200000.000      0.80443783      0.12135691       5298.32474080
Cu         6  -4  -4     300.000  200000.000      0.80443783      0.12135691       5298.32474080
Cu        -6   4  -4     300.000  200000.000      0.80443783      0.12135691       5298.32474080
Cu         6   4  -4     300.000  200000.000      0.80443783      0.12135691       5298.32474080
Cu        -4   6  -4     300.000  200000.000      0.80443783      0.12135691       5298.32474080
Cu         4   6  -4     300.000  200000.000      0.80443783      0.12135691       5298.32474080
Cu         0  -8  -2     300.000  200000.000      0.80443783      0.12135691       5298.32474080
Cu        -8   0  -2     300.000  200000.000      0.80443783      0.12135691       5298.32474080
Cu         8   0  -2     300.000  200000.000      0.80443783      0.12135691       5298.32474080
Cu         0   8  -2     300.000  200000.000      0.80443783      0.12135691       5298.32474080
Cu        -2  -8   0     300.000  200000.000      0.80443783      0.12135691       5298.32474080
Cu         2  -8   0     300.000  200000.000      0.80443783      0.12135691       5298.32474080
Cu        -8  -2   0     300.000  200000.000      0.80443783      0.12135691       5298.32474080
Cu         8  -2   0     300.000  200000.000      0.80443783      0.12135691       5298.32474080
Cu        -8   2   0     300.000  200000.000      0.80443783      0.12135691       5298.32474080
Cu         8   2   0     300.000  200000.000      0.80443783      0.12135691       5298.32474080
Cu        -2   8   0     300.000  200000.000      0.80443783      0.12135691       5298.32474080
Cu         2   8   0     300.000  200000.000      0.80443783      0.12135691       5298.32474080
Cu         0  -8   2     300.000  200000.000      0.80443783      0.12135691       5298.32474080
Cu        -8   0   2     300.000  200000.000      0.80443783      0.12135691       5298.32474080
Cu         8   0   2     300.000  200000.000      0.80443783      0.12135691       5298.32474080
Cu         0   8   2     300.000  200000.000      0.80443783      0.12135691       5298.32474080
Cu        -4  -6   4     300.000  200000.000      0.80443783      0.12135691       5298.32474080
Cu         4  -6   4     300.000  200000.000      0.80443783      0.12135691       5298.32474080
Cu        -6  -4   4     300.000  200000.000      0.80443783      0.12135691       5298.32474080
Cu         6  -4   4     300.000  200000.000      0.80443783      0.12135691       5298.32474080
Cu        -6   4   4     300.000  200000.000      0.80443783      0.12135691       5298.32474080
Cu         6   4   4     300.000  200000.000      0.80443783      0.12135691       5298.32474080
Cu        -4   6   4     300.000  200000.000      0.80443783      0.12135691       5298.32474080
Cu         4   6   4     300.000  200000.000      0.80443783      0.12135691       5298.32474080
Cu        -4  -4   6     300.000  200000.000      0.80443783      0.12135691       5298.32474080
Cu         4  -4   6     300.000  200000.000      0.80443783      0.12135691       5298.32474080
Cu        -4   4   6     300.000  200000.000      0.80443783      0.12135691       5298.32474080
Cu         4   4   6     300.000  200000.000      0.80443783      0.12135691       5298.32474080
Cu         0  -2   8     300.000  200000.000      0.80443783      0.12135691       5298.32474080
Cu        -2   0   8     300.000  200000.000      0.80443783      0.12135691       5298.32474080
Cu         2   0   8     300.000  200000.000      0.80443783      0.12135691       5298.32474080
Cu         0   2   8     300.000  200000.000      0.80443783      0.12135691       5298.32474080
Cu        -2  -2  -8     300.000  200000.000      0.73333120      0.11097988       5811.66093382
Cu         2  -2  -8     300.000  200000.000      0.73333120      0.11097988       5811.66093382
Cu        -2   2  -8     300.000  200000.000      0.73333120      0.11097988       5811.66093382
Cu         2   2  -8     300.000  200000.000      0.73333120      0.11097988       5811.66093382
Cu         0  -6  -6     300.000  200000.000      0.73333120      0.11097988       5811.66093382
Cu        -6   0  -6     300.000  200000.000      0.73333120      0.11097988       5811.66093382
Cu         6   0  -6     300.000  200000.000      0.73333120      0.11097988       5811.66093382
Cu         0   6  -6     300.000  200000.000      0.73333120      0.11097988       5811.66093382
Cu        -2  -8  -2     300.000  200000.000      0.73333120      0.11097988       5811.66093382
Cu         2  -8  -2     300.000  200000.000      0.73333120      0.11097988       5811.66093382
Cu        -8  -2  -2     300.000  200000.000      0.73333120      0.11097988       5811.66093382
Cu         8  -2  -2     300.000  200000.000      0.73333120      0.11097988       5811.66093382
Cu        -8   2  -2     300.000  200000.000      0.73333120      0.11097988       5811.66093382
Cu         8   2  -2     300.000  200000.000      0.73333120      0.11097988       5811.66093382
Cu        -2   8  -2     300.000  200000.000      0.73333120      0.11097988       5811.66093382
Cu         2   8  -2     300.000  200000.000      0.73333120      0.11097988       5811.66093382
Cu        -6  -6   0     300.000  200000.000      0.73333120      0.11097988       5811.66093382
Cu         6  -6   0     300.000  200000.000      0.73333120      0.11097988       5811.66093382
Cu        -6   6   0     300.000  200000.000      0.73333120      0.11097988       5811.66093382
Cu         6   6   0     300.000  200000.000      0.73333120      0.11097988       5811.66093382
Cu        -2  -8   2     300.000  200000.000      0.73333120      0.11097988       5811.66093382
Cu         2  -8   2     300.000  200000.000      0.73333120      0.11097988       5811.66093382
Cu        -8  -2   2     300.000  200000.000      0.73333120      0.11097988       5811.66093382
Cu         8  -2   2     300.000  200000.000      0.73333120      0.11097988       5811.66093382
Cu        -8   2   2     300.000  200000.000      0.73333120      0.11097988       5811.66093382
Cu         8   2   2     300.000  200000.000      0.73333120      0.11097988       5811.66093382
Cu        -2   8   2     300.000  200000.000      0.73333120      0.11097988       5811.66093382
Cu         2   8   2     300.000  200000.000      0.73333120      0.11097988       5811.66093382
Cu         0  -6   6     300.000  200000.000      0.73333120      0.11097988       5811.66093382
Cu        -6   0   6     300.000  200000.000      0.73333120      0.11097988       5811.66093382
Cu         6   0   6     300.000  200000.000      0.73333120      0.11097988       5811.66093382
Cu         0   6   6     300.000  200000.000      0.73333120      0.11097988       5811.66093382
Cu        -2  -2   8     300.000  200000.000      0.73333120      0.11097988       5811.66093382
Cu         2  -2   8     300.000  200000.000      0.73333120      0.11097988       5811.66093382
Cu        -2   2   8     300.000  200000.000      0.73333120      0.11097988       5811.66093382
Cu         2   2   8     300.000  200000.000      0.73333120      0.11097988       5811.66093382
Cu        -5  -5  -5     300.000  200000.000      0.68544488      0.10376495       6217.63028700
Cu         5   5   5     300.000  200000.000      0.68544488      0.10376495       6217.63028700
Cu        -1  -5  -7     300.000  200000.000      0.68544488      0.10376495       6217.63028700
Cu        -5  -1  -7     300.000  200000.000      0.68544488      0.10376495       6217.63028700
Cu        -1  -7  -5     300.000  200000.000      0.68544488      0.10376495       6217.63028700
Cu        -7  -1  -5     300.000  200000.000      0.68544488      0.10376495       6217.63028700
Cu        -5  -7  -1     300.000  200000.000      0.68544488      0.10376495       6217.63028700
Cu        -7  -5  -1     300.000  200000.000      0.68544488      0.10376495       6217.63028700
Cu         7   5   1     300.000  200000.000      0.68544488      0.10376495       6217.63028700
Cu         5   7   1     300.000  200000.000      0.68544488      0.10376495       6217.63028700
Cu         7   1   5     300.000  200000.000      0.68544488      0.10376495       6217.63028700
Cu         1   7   5     300.000  200000.000      0.68544488      0.10376495       6217.63028700
Cu         5   1   7     300.000  200000.000      0.68544488      0.10376495       6217.63028700
Cu         1   5   7     300.000  200000.000      0.68544488      0.10376495       6217.63028700
Cu        -2  -6  -6     300.000  200000.000      0.67040770      0.10146151       6357.12911969
Cu         2  -6  -6     300.000  200000.000      0.67040770      0.10146151       6357.12911969
Cu        -6  -2  -6     300.000  200000.000      0.67040770      0.10146151       6357.12911969
Cu         6  -2  -6     300.000  200000.000      0.67040770      0.10146151       6357.12911969
Cu        -6   2  -6     300.000  200000.000      0.67040770      0.10146151       6357.12911969
Cu         6   2  -6     300.000  200000.000      0.67040770      0.10146151       6357.12911969
Cu        -2   6  -6     300.000  200000.000      0.67040770      0.10146151       6357.12911969
Cu         2   6  -6     300.000  200000.000      0.67040770      0.10146151       6357.12911969
Cu        -6  -6  -2     300.000  200000.000      0.67040770      0.10146151       6357.12911969
Cu         6  -6  -2     300.000  200000.000      0.67040770      0.10146151       6357.12911969
Cu        -6   6  -2     300.000  200000.000      0.67040770      0.10146151       6357.12911969
Cu         6   6  -2     300.000  200000.000      0.67040770      0.10146151       6357.12911969
Cu        -6  -6   2     300.000  200000.000      0.67040770      0.10146151       6357.12911969
Cu         6  -6   2     300.000  200000.000      0.67040770      0.10146151       6357.12911969
Cu        -6   6   2     300.000  200000.000      0.67040770      0.10146151       6357.12911969
Cu         6   6   2     300.000  200000.000      0.67040770      0.10146151       6357.12911969
Cu        -2  -6   6     300.000  200000.000      0.67040770      0.10146151       6357.12911969
Cu         2  -6   6     300.000  200000.000      0.67040770      0.10146151       6357.12911969
Cu        -6  -2   6     300.000  200000.000      0.67040770      0.10146151       6357.12911969
Cu         6  -2   6     300.000  200000.000      0.67040770      0.10146151       6357.12911969
Cu        -6   2   6     300.000  200000.000      0.67040770      0.10146151       6357.12911969
Cu         6   2   6     300.000  200000.000      0.67040770      0.10146151       6357.12911969
Cu        -2   6   6     300.000  200000.000      0.67040770      0.10146151       6357.12911969
Cu         2   6   6     300.000  200000.000      0.67040770      0.10146151       6357.12911969
Cu         0  -4  -8     300.000  200000.000      0.61440771      0.09272480       6936.98382066
Cu        -4   0  -8     300.000  200000.000      0.61440771      0.09272480       6936.98382066
Cu         4   0  -8     300.000  200000.000      0.61440771      0.09272480       6936.98382066
Cu         0   4  -8     300.000  200000.000      0.61440771      0.09272480       6936.98382066
Cu         0  -8  -4     300.000  200000.000      0.61440771      0.09272480       6936.98382066
Cu        -8   0  -4     300.000  200000.000      0.61440771      0.09272480       6936.98382066
Cu         8   0  -4     300.000  200000.000      0.61440771      0.09272480       6936.98382066
Cu         0   8  -4     300.000  200000.000      0.61440771      0.09272480       6936.98382066
Cu        -4  -8   0     300.000  200000.000      0.61440771      0.09272480       6936.98382066
Cu         4  -8   0     300.000  200000.000      0.61440771      0.09272480       6936.98382066
Cu        -8  -4   0     300.000  200000.000      0.61440771      0.09272480       6936.98382066
Cu         8  -4   0     300.000  200000.000      0.61440771      0.09272480       6936.98382066
Cu        -8   4   0     300.000  200000.000      0.61440771      0.09272480       6936.98382066
Cu         8   4   0     300.000  200000.000      0.61440771      0.09272480       6936.98382066
Cu        -4   8   0     300.000  200000.000      0.61440771      0.09272480       6936.98382066
Cu         4   8   0     300.000  200000.000      0.61440771      0.09272480       6936.98382066
Cu         0  -8   4     300.000  200000.000      0.61440771      0.09272480       6936.98382066
Cu        -8   0   4     300.000  200000.000      0.61440771      0.09272480       6936.98382066
Cu         8   0   4     300.000  200000.000      0.61440771      0.09272480       6936.98382066
Cu         0   8   4     300.000  200000.000      0.61440771      0.09272480       6936.98382066
Cu         0  -4   8     300.000  200000.000      0.61440771      0.09272480       6936.98382066
Cu        -4   0   8     300.000  200000.000      0.61440771      0.09272480       6936.98382066
Cu         4   0   8     300.000  200000.000      0.61440771      0.09272480       6936.98382066
Cu         0   4   8     300.000  200000.000      0.61440771      0.09272480       6936.98382066
Cu        -1  -1  -9     300.000  200000.000      0.57633132      0.08664339       7395.92151686
Cu        -1  -9  -1     300.000  200000.000      0.57633132      0.08664339       7395.92151686
Cu        -9  -1  -1     300.000  200000.000      0.57633132      0.08664339       7395.92151686
Cu         9   1   1     300.000  200000.000      0.57633132      0.08664339       7395.92151686
Cu         1   9   1     300.000  200000.000      0.57633132      0.08664339       7395.92151686
Cu         1   1   9     300.000  200000.000      0.57633132      0.08664339       7395.92151686
Cu        -3  -5  -7     300.000  200000.000      0.57633132      0.08664339       7395.92151686
Cu        -5  -3  -7     300.000  200000.000      0.57633132      0.08664339       7395.92151686
Cu        -3  -7  -5     300.000  200000.000      0.57633132      0.08664339       7395.92151686
Cu        -7  -3  -5     300.000  200000.000      0.57633132      0.08664339       7395.92151686
Cu        -5  -7  -3     300.000  200000.000      0.57633132      0.08664339       7395.92151686
Cu        -7  -5  -3     300.000  200000.000      0.57633132      0.08664339       7395.92151686
Cu         7   5   3     300.000  200000.000      0.57633132      0.08664339       7395.92151686
Cu         5   7   3     300.000  200000.000      0.57633132      0.08664339       7395.92151686
Cu         7   3   5     300.000  200000.000      0.57633132      0.08664339       7395.92151686
Cu         3   7   5     300.000  200000.000      0.57633132      0.08664339       7395.92151686
Cu         5   3   7     300.000  200000.000      0.57633132      0.08664339       7395.92151686
Cu         3   5   7     300.000  200000.000      0.57633132      0.08664339       7395.92151686
Cu        -2  -4  -8     300.000  200000.000      0.56431320      0.08470064       7553.69913732
Cu         2  -4  -8     300.000  200000.000      0.56431320      0.08470064       7553.69913732
Cu        -4  -2  -8     300.000  200000.000      0.56431320      0.08470064       7553.69913732
Cu         4  -2  -8     300.000  200000.000      0.56431320      0.08470064       7553.69913732
Cu        -4   2  -8     300.000  200000.000      0.56431320      0.08470064       7553.69913732
Cu         4   2  -8     300.000  200000.000      0.56431320      0.08470064       7553.69913732
Cu        -2   4  -8     300.000  200000.000      0.56431320      0.08470064       7553.69913732
Cu         2   4  -8     300.000  200000.000      0.56431320      0.08470064       7553.69913732
Cu        -2  -8  -4     300.000  200000.000      0.56431320      0.08470064       7553.69913732
Cu         2  -8  -4     300.000  200000.000      0.56431320      0.08470064       7553.69913732
Cu        -8  -2  -4     300.000  200000.000      0.56431320      0.08470064       7553.69913732
Cu         8  -2  -4     300.000  200000.000      0.56431320      0.08470064       7553.69913732
Cu        -8   2  -4     300.000  200000.000      0.56431320      0.08470064       7553.69913732
Cu         8   2  -4     300.000  200000.000      0.56431320      0.08470064       7553.69913732
Cu        -2   8  -4     300.000  200000.000      0.56431320      0.08470064       7553.69913732
Cu         2   8  -4     300.000  200000.000      0.56431320      0.08470064       7553.69913732
Cu        -4  -8  -2     300.000  200000.000      0.56431320      0.08470064       7553.69913732
Cu         4  -8  -2     300.000  200000.000      0.56431320      0.08470064       7553.69913732
Cu        -8  -4  -2     300.000  200000.000      0.56431320      0.08470064       7553.69913732
Cu         8  -4  -2     300.000  200000.000      0.56431320      0.08470064       7553.69913732
Cu        -8   4  -2     300.000  200000.000      0.56431320      0.08470064       7553.69913732
Cu         8   4  -2     300.000  200000.000      0.56431320      0.08470064       7553.69913732
Cu        -4   8  -2     300.000  200000.000      0.56431320      0.08470064       7553.69913732
Cu         4   8  -2     300.000  200000.000      0.56431320      0.08470064       7553.69913732
Cu        -4  -8   2     300.000  200000.000      0.56431320      0.08470064       7553.69913732
Cu         4  -8   2     300.000  200000.000      0.56431320      0.08470064       7553.69913732
Cu        -8  -4   2     300.000  200000.000      0.56431320      0.08470064       7553.69913732
Cu         8  -4   2     300.000  200000.000      0.56431320      0.08470064       7553.69913732
Cu        -8   4   2     300.000  200000.000      0.56431320      0.08470064       7553.69913732
Cu         8   4   2     300.000  200000.000      0.56431320      0.08470064       7553.69913732
Cu        -4   8   2     300.000  200000.000      0.56431320      0.08470064       7553.69913732
Cu         4   8   2     300.000  200000.000      0.56431320      0.08470064       7553.69913732
Cu        -2  -8   4     300.000  200000.000      0.56431320      0.08470064       7553.69913732
Cu         2  -8   4     300.000  200000.000      0.56431320      0.08470064       7553.69913732
Cu        -8  -2   4     300.000  200000.000      0.56431320      0.08470064       7553.69913732
Cu         8  -2   4     300.000  200000.000      0.56431320      0.08470064       7553.69913732
Cu        -8   2   4     300.000  200000.000      0.56431320      0.08470064       7553.69913732
Cu         8   2   4     300.000  200000.000      0.56431320      0.08470064       7553.69913732
Cu        -2   8   4     300.000  200000.000      0.56431320      0.08470064       7553.69913732
Cu         2   8   4     300.000  200000.000      0.56431320      0.08470064       7553.69913732
Cu        -2  -4   8     300.000  200000.000      0.56431320      0.08470064       7553.69913732
Cu         2  -4   8     300.000  200000.000      0.56431320      0.08470064       7553.69913732
Cu        -4  -2   8     300.000  200000.000      0.56431320      0.08470064       7553.69913732
Cu         4  -2   8     300.000  200000.000      0.56431320      0.08470064       7553.69913732
Cu        -4   2   8     300.000  200000.000      0.56431320      0.08470064       7553.69913732
Cu         4   2   8     300.000  200000.000      0.56431320      0.08470064       7553.69913732
Cu        -2   4   8     300.000  200000.000      0.56431320      0.08470064       7553.69913732
Cu         2   4   8     300.000  200000.000      0.56431320      0.08470064       7553.69913732
Cu        -4  -6  -6     300.000  200000.000      0.51929560      0.07732681       8209.95344164
Cu         4  -6  -6     300.000  200000.000      0.51929560      0.07732681       8209.95344164
Cu        -6  -4  -6     300.000  200000.000      0.51929560      0.07732681       8209.95344164
Cu         6  -4  -6     300.000  200000.000      0.51929560      0.07732681       8209.95344164
Cu        -6   4  -6     300.000  200000.000      0.51929560      0.07732681       8209.95344164
Cu         6   4  -6     300.000  200000.000      0.51929560      0.07732681       8209.95344164
Cu        -4   6  -6     300.000  200000.000      0.51929560      0.07732681       8209.95344164
Cu         4   6  -6     300.000  200000.000      0.51929560      0.07732681       8209.95344164
Cu        -6  -6  -4     300.000  200000.000      0.51929560      0.07732681       8209.95344164
Cu         6  -6  -4     300.000  200000.000      0.51929560      0.07732681       8209.95344164
Cu        -6   6  -4     300.000  200000.000      0.51929560      0.07732681       8209.95344164
Cu         6   6  -4     300.000  200000.000      0.51929560      0.07732681       8209.95344164
Cu        -6  -6   4     300.000  200000.000      0.51929560      0.07732681       8209.95344164
Cu         6  -6   4     300.000  200000.000      0.51929560      0.07732681       8209.95344164
Cu        -6   6   4     300.000  200000.000      0.51929560      0.07732681       8209.95344164
Cu         6   6   4     300.000  200000.000      0.51929560      0.07732681       8209.95344164
Cu        -4  -6   6     300.000  200000.000      0.51929560      0.07732681       8209.95344164
Cu         4  -6   6     300.000  200000.000      0.51929560      0.07732681       8209.95344164
Cu        -6  -4   6     300.000  200000.000      0.51929560      0.07732681       8209.95344164
Cu         6  -4   6     300.000  200000.000      0.51929560      0.07732681       8209.95344164
Cu        -6   4   6     300.000  200000.000      0.51929560      0.07732681       8209.95344164
Cu         6   4   6     300.000  200000.000      0.51929560      0.07732681       8209.95344164
Cu        -4   6   6     300.000  200000.000      0.51929560      0.07732681       8209.95344164
Cu         4   6   6     300.000  200000.000      0.51929560      0.07732681       8209.95344164
Cu        -1  -3  -9     300.000  200000.000      0.48845072      0.07218926       8729.81143366
Cu        -3  -1  -9     300.000  200000.000      0.48845072      0.07218926       8729.81143366
Cu        -1  -9  -3     300.000  200000.000      0.48845072      0.07218926       8729.81143366
Cu        -9  -1  -3     300.000  200000.000      0.48845072      0.07218926       8729.81143366
Cu        -3  -9  -1     300.000  200000.000      0.48845072      0.07218926       8729.81143366
Cu        -9  -3  -1     300.000  200000.000      0.48845072      0.07218926       8729.81143366
Cu         9   3   1     300.000  200000.000      0.48845072      0.07218926       8729.81143366
Cu         3   9   1     300.000  200000.000      0.48845072      0.07218926       8729.81143366
Cu         9   1   3     300.000  200000.000      0.48845072      0.07218926       8729.81143366
Cu         1   9   3     300.000  200000.000      0.48845072      0.07218926       8729.81143366
Cu         3   1   9     300.000  200000.000      0.48845072      0.07218926       8729.81143366
Cu         1   3   9     300.000  200000.000      0.48845072      0.07218926       8729.81143366
Cu        -4  -4  -8     300.000  200000.000      0.44189136      0.06431118       9652.74389034
Cu         4  -4  -8     300.000  200000.000      0.44189136      0.06431118       9652.74389034
Cu        -4   4  -8     300.000  200000.000      0.44189136      0.06431118       9652.74389034
Cu         4   4  -8     300.000  200000.000      0.44189136      0.06431118       9652.74389034
Cu        -4  -8  -4     300.000  200000.000      0.44189136      0.06431118       9652.74389034
Cu         4  -8  -4     300.000  200000.000      0.44189136      0.06431118       9652.74389034
Cu        -8  -4  -4     300.000  200000.000      0.44189136      0.06431118       9652.74389034
Cu         8  -4  -4     300.000  200000.000      0.44189136      0.06431118       9652.74389034
Cu        -8   4  -4     300.000  200000.000      0.44189136      0.06431118       9652.74389034
Cu         8   4  -4     300.000  200000.000      0.44189136      0.06431118       9652.74389034
Cu        -4   8  -4     300.000  200000.000      0.44189136      0.06431118       9652.74389034
Cu         4   8  -4     300.000  200000.000      0.44189136      0.06431118       9652.74389034
Cu        -4  -8   4     300.000  200000.000      0.44189136      0.06431118       9652.74389034
Cu         4  -8   4     300.000  200000.000      0.44189136      0.06431118       9652.74389034
Cu        -8  -4   4     300.000  200000.000      0.44189136      0.06431118       9652.74389034
Cu         8  -4   4     300.000  200000.000      0.44189136      0.06431118       9652.74389034
Cu        -8   4   4     300.000  200000.000      0.44189136      0.06431118       9652.74389034
Cu         8   4   4     300.000  200000.000      0.44189136      0.06431118       9652.74389034
Cu        -4   8   4     300.000  200000.000      0.44189136      0.06431118       9652.74389034
Cu         4   8   4     300.000  200000.000      0.44189136      0.06431118       9652.74389034
Cu        -4  -4   8     300.000  200000.000      0.44189136      0.06431118       9652.74389034
Cu         4  -4   8     300.000  200000.000      0.44189136      0.06431118       9652.74389034
Cu        -4   4   8     300.000  200000.000      0.44189136      0.06431118       9652.74389034
Cu         4   4   8     300.000  200000.000      0.44189136      0.06431118       9652.74389034
Cu        -3  -3  -9     300.000  200000.000      0.41653633      0.05996310      10242.61089574
Cu        -3  -9  -3     300.000  200000.000      0.41653633      0.05996310      10242.61089574
Cu        -9  -3  -3     300.000  200000.000      0.41653633      0.05996310      10242.61089574
Cu         9   3   3     300.000  200000.000      0.41653633      0.05996310      10242.61089574
Cu         3   9   3     300.000  200000.000      0.41653633      0.05996310      10242.61089574
Cu         3   3   9     300.000  200000.000      0.41653633      0.05996310      10242.61089574
Cu        -1  -7  -7     300.000  200000.000      0.41653633      0.05996310      10242.61089574
Cu        -5  -5  -7     300.000  200000.000      0.41653633      0.05996310      10242.61089574
Cu        -7  -1  -7     300.000  200000.000      0.41653633      0.05996310      10242.61089574
Cu        -5  -7  -5     300.000  200000.000      0.41653633      0.05996310      10242.61089574
Cu        -7  -5  -5     300.000  200000.000      0.41653633      0.05996310      10242.61089574
Cu        -7  -7  -1     300.000  200000.000      0.41653633      0.05996310      10242.61089574
Cu         7   7   1     300.000  200000.000      0.41653633      0.05996310      10242.61089574
Cu         7   5   5     300.000  200000.000      0.41653633      0.05996310      10242.61089574
Cu         5   7   5     300.000  200000.000      0.41653633      0.05996310      10242.61089574
Cu         7   1   7     300.000  200000.000      0.41653633      0.05996310      10242.61089574
Cu         5   5   7     300.000  200000.000      0.41653633      0.05996310      10242.61089574
Cu         1   7   7     300.000  200000.000      0.41653633      0.05996310      10242.61089574
Cu         0   0 -10     300.000  200000.000      0.40847554      0.05857283      10445.56424414
Cu         0  -6  -8     300.000  200000.000      0.40847554      0.05857283      10445.56424414
Cu        -6   0  -8     300.000  200000.000      0.40847554      0.05857283      10445.56424414
Cu         6   0  -8     300.000  200000.000      0.40847554      0.05857283      10445.56424414
Cu         0   6  -8     300.000  200000.000      0.40847554      0.05857283      10445.56424414
Cu         0  -8  -6     300.000  200000.000      0.40847554      0.05857283      10445.56424414
Cu        -8   0  -6     300.000  200000.000      0.40847554      0.05857283      10445.56424414
Cu         8   0  -6     300.000  200000.000      0.40847554      0.05857283      10445.56424414
Cu         0   8  -6     300.000  200000.000      0.40847554      0.05857283      10445.56424414
Cu         0 -10   0     300.000  200000.000      0.40847554      0.05857283      10445.56424414
Cu        -6  -8   0     300.000  200000.000      0.40847554      0.05857283      10445.56424414
Cu         6  -8   0     300.000  200000.000      0.40847554      0.05857283      10445.56424414
Cu        -8  -6   0     300.000  200000.000      0.40847554      0.05857283      10445.56424414
Cu         8  -6   0     300.000  200000.000      0.40847554      0.05857283      10445.56424414
Cu       -10   0   0     300.000  200000.000      0.40847554      0.05857283      10445.56424414
Cu        10   0   0     300.000  200000.000      0.40847554      0.05857283      10445.56424414
Cu        -8   6   0     300.000  200000.000      0.40847554      0.05857283      10445.56424414
Cu         8   6   0     300.000  200000.000      0.40847554      0.05857283      10445.56424414
Cu        -6   8   0     300.000  200000.000      0.40847554      0.05857283      10445.56424414
Cu         6   8   0     300.000  200000.000      0.40847554      0.05857283      10445.56424414
Cu         0  10   0     300.000  200000.000      0.40847554      0.05857283      10445.56424414
Cu         0  -8   6     300.000  200000.000      0.40847554      0.05857283      10445.56424414
Cu        -8   0   6     300.000  200000.000      0.40847554      0.05857283      10445.56424414
Cu         8   0   6     300.000  200000.000      0.40847554      0.05857283      10445.56424414
Cu         0   8   6     300.000  200000.000      0.40847554      0.05857283      10445.56424414
Cu         0  -6   8     300.000  200000.000      0.40847554      0.05857283      10445.56424414
Cu        -6   0   8     300.000  200000.000      0.40847554      0.05857283      10445.56424414
Cu         6   0   8     300.000  200000.000      0.40847554      0.05857283      10445.56424414
Cu         0   6   8     300.000  200000.000      0.40847554      0.05857283      10445.56424414
Cu         0   0  10     300.000  200000.000      0.40847554      0.05857283      10445.56424414
