# crystalStructureFactors.exe v.1.0
 element          g        T (K)      V (V)         Re(U_g)         Im(U_g)            xi_g
      W    0   0   0     300.000  200000.000     37.83095547      1.11167480    113.88928751
      W    1   1   0     300.000  200000.000     18.91115463      1.07133212    227.56411986
      W    2   0   0     300.000  200000.000     13.94499223      1.03823539    308.24708823
      W    4   0   0     300.000  200000.000      6.22102363      0.87182614    686.17103335
      W    6   0   0     300.000  200000.000      3.25382903      0.68936612   1295.95057216
      W    8   0   0     300.000  200000.000      1.88349556      0.52377291   2204.84627869
      W   10   0   0     300.000  200000.000      1.11707728      0.37273306   3660.26064231
      W    3   1   0     300.000  200000.000      8.40909991      0.95021413    509.34609490
      W    5   1   0     300.000  200000.000      4.30141045      0.76890448    986.45343760
      W    7   1   0     300.000  200000.000      2.40725929      0.59919968   1737.56503991
      W    9   1   0     300.000  200000.000      1.43100871      0.44167741   2878.16744677
      W    2   2   0     300.000  200000.000      9.59062217      0.97889903    447.11609420
      W    4   2   0     300.000  200000.000      5.29330665      0.82693301    804.55292901
      W    6   2   0     300.000  200000.000      2.96067453      0.66163488   1420.83791859
      W    8   2   0     300.000  200000.000      1.76653902      0.50423230   2346.31594582
      W    3   3   0     300.000  200000.000      5.72267052      0.84867556    745.06625346
      W    5   3   0     300.000  200000.000      3.42215851      0.70398089   1233.72238460
      W    7   3   0     300.000  200000.000      2.08270847      0.55466309   1999.90573540
      W    9   3   0     300.000  200000.000      1.27829390      0.40957042   3211.19250061
      W    4   4   0     300.000  200000.000      3.60801085      0.71916914   1171.62691229
      W    6   4   0     300.000  200000.000      2.31843874      0.58767017   1802.18789754
      W    8   4   0     300.000  200000.000      1.47309532      0.45009765   2798.37271149
      W    5   5   0     300.000  200000.000      2.40725929      0.59919968   1737.56503991
      W    7   5   0     300.000  200000.000      1.61028255      0.47636370   2566.83689141
      W    6   6   0     300.000  200000.000      1.66005527      0.48546862   2492.15914784
      W    8   6   0     300.000  200000.000      1.11707728      0.37273306   3660.26064231
      W    7   7   0     300.000  200000.000      1.14701000      0.37982347   3567.43759041
      W    2   1   1     300.000  200000.000     11.28190649      1.00825484    380.54645594
      W    4   1   1     300.000  200000.000      5.72267052      0.84867556    745.06625346
      W    6   1   1     300.000  200000.000      3.10066562      0.67526718   1358.31481816
      W    8   1   1     300.000  200000.000      1.82360493      0.51390233   2275.05937796
      W    3   2   1     300.000  200000.000      6.80862710      0.89647482    627.66192738
      W    5   2   1     300.000  200000.000      3.81417933      0.73499819   1109.68340774
      W    7   2   1     300.000  200000.000      2.23510114      0.57641370   1867.40433108
      W    9   2   1     300.000  200000.000      1.35169285      0.42531615   3041.86042767
      W    4   3   1     300.000  200000.000      4.30141045      0.76890448    986.45343760
      W    6   3   1     300.000  200000.000      2.60406693      0.62314780   1609.80714512
      W    8   3   1     300.000  200000.000      1.61028255      0.47636370   2566.83689141
      W    5   4   1     300.000  200000.000      2.83216561      0.64842725   1483.55862814
      W    7   4   1     300.000  200000.000      1.82360493      0.51390233   2275.05937796
      W    9   4   1     300.000  200000.000      1.14701000      0.37982347   3567.43759041
      W    6   5   1     300.000  200000.000      1.94645260      0.53385113   2135.62224364
      W    8   5   1     300.000  200000.000      1.27829390      0.40957042   3211.19250061
      W    7   6   1     300.000  200000.000      1.35169285      0.42531615   3041.86042767
      W    2   2   2     300.000  200000.000      7.51852022      0.92264066    569.03576572
      W    4   2   2     300.000  200000.000      4.59125338      0.78717583    925.32695929
      W    6   2   2     300.000  200000.000      2.71370347      0.63560844   1546.52819467
      W    8   2   2     300.000  200000.000      1.66005527      0.48546862   2492.15914784
      W    3   3   2     300.000  200000.000      4.91941109      0.80647657    864.66043993
      W    5   3   2     300.000  200000.000      3.10066562      0.67526718   1358.31481816
      W    7   3   2     300.000  200000.000      1.94645260      0.53385113   2135.62224364
      W    9   3   2     300.000  200000.000      1.21023184      0.39441422   3386.33658902
      W    4   4   2     300.000  200000.000      3.25382903      0.68936612   1295.95057216
      W    6   4   2     300.000  200000.000      2.15668558      0.56541560   1933.28675856
      W    8   4   2     300.000  200000.000      1.39057105      0.43341812   2959.32108440
      W    5   5   2     300.000  200000.000      2.23510114      0.57641370   1867.40433108
      W    7   5   2     300.000  200000.000      1.51692908      0.45868270   2719.90768040
      W    6   6   2     300.000  200000.000      1.56261822      0.46743660   2642.74058220
      W    4   3   3     300.000  200000.000      3.42215851      0.70398089   1233.72238460
      W    6   3   3     300.000  200000.000      2.23510114      0.57641370   1867.40433108
      W    8   3   3     300.000  200000.000      1.43100871      0.44167741   2878.16744677
      W    5   4   3     300.000  200000.000      2.40725929      0.59919968   1737.56503991
      W    7   4   3     300.000  200000.000      1.61028255      0.47636370   2566.83689141
      W    6   5   3     300.000  200000.000      1.71208514      0.49475635   2418.66678098
      W    8   5   3     300.000  200000.000      1.14701000      0.37982347   3567.43759041
      W    7   6   3     300.000  200000.000      1.21023184      0.39441422   3386.33658902
      W    4   4   4     300.000  200000.000      2.50221514      0.61101907   1673.46243945
      W    6   4   4     300.000  200000.000      1.76653902      0.50423230   2346.31594582
      W    8   4   4     300.000  200000.000      1.17804420      0.38704960   3476.13439048
      W    5   5   4     300.000  200000.000      1.82360493      0.51390233   2275.05937796
      W    7   5   4     300.000  200000.000      1.27829390      0.40957042   3211.19250061
      W    6   6   4     300.000  200000.000      1.31429221      0.41736802   3125.81005788
      W    6   5   5     300.000  200000.000      1.35169285      0.42531615   3041.86042767
      W   12   0   0     300.000  200000.000      0.66166371      0.24628683   6105.26005087
      W   14   0   0     300.000  200000.000      0.40165915      0.15093831  10045.60360878
      W   16   0   0     300.000  200000.000      0.25174200      0.08579158  16207.00635491
      W   18   0   0     300.000  200000.000      0.15964882      0.04522472  25977.10112390
      W   20   0   0     300.000  200000.000      0.09976894      0.02211022  42180.44160303
      W   11   1   0     300.000  200000.000      0.84839099      0.30297650   4784.72248188
      W   13   1   0     300.000  200000.000      0.50839428      0.19280576   7927.51172528
      W   15   1   0     300.000  200000.000      0.31453222      0.11379471  12886.70426006
      W   17   1   0     300.000  200000.000      0.19919891      0.06228884  20652.52511178
      W   19   1   0     300.000  200000.000      0.12583464      0.03162165  33221.57916258
      W   10   2   0     300.000  200000.000      1.06032448      0.35894874   3850.51806507
      W   12   2   0     300.000  200000.000      0.63408962      0.23718322   6366.93751819
      W   14   2   0     300.000  200000.000      0.38817924      0.14535919  10398.97035226
      W   16   2   0     300.000  200000.000      0.24469099      0.08262047  16689.95915884
      W   18   2   0     300.000  200000.000      0.15563892      0.04355308  26670.31596658
      W   11   3   0     300.000  200000.000      0.77280502      0.28099105   5241.85864359
      W   13   3   0     300.000  200000.000      0.47155659      0.17881583   8546.92047388
      W   15   3   0     300.000  200000.000      0.29585403      0.10553781  13722.39140311
      W   17   3   0     300.000  200000.000      0.18891284      0.05776919  21819.47317864
      W   19   3   0     300.000  200000.000      0.11978721      0.02932719  34951.54937073
      W   10   4   0     300.000  200000.000      0.91198113      0.32058830   4458.93465617
      W   12   4   0     300.000  200000.000      0.56060123      0.21184226   7192.48795239
      W   14   4   0     300.000  200000.000      0.35143469      0.12982894  11505.16885710
      W   16   4   0     300.000  200000.000      0.22503673      0.07379326  18200.63737256
      W   18   4   0     300.000  200000.000      0.14428977      0.03889985  28843.41194856
      W    9   5   0     300.000  200000.000      1.03341556      0.35224969   3947.97561100
      W   11   5   0     300.000  200000.000      0.64766722      0.24169216   6235.26018529
      W   13   5   0     300.000  200000.000      0.40865396      0.15380766   9871.73932381
      W   15   5   0     300.000  200000.000      0.26283566      0.09077790  15501.10523503
      W   17   5   0     300.000  200000.000      0.17021518      0.04968992  24308.63072759
      W   19   5   0     300.000  200000.000      0.10862174      0.02522566  38653.99892666
      W   10   6   0     300.000  200000.000      0.72216965      0.26555590   5601.94455762
      W   12   6   0     300.000  200000.000      0.46295410      0.17547993   8706.19712600
      W   14   6   0     300.000  200000.000      0.30037569      0.10754410  13510.21658066
      W   16   6   0     300.000  200000.000      0.19656376      0.06112681  20939.62559749
      W   18   6   0     300.000  200000.000      0.12739855      0.03222278  32801.05508055
      W    9   7   0     300.000  200000.000      0.77280502      0.28099105   5241.85864359
      W   11   7   0     300.000  200000.000      0.50839428      0.19280576   7927.51172528
      W   13   7   0     300.000  200000.000      0.33490650      0.12269759  12084.95214197
      W   15   7   0     300.000  200000.000      0.22196283      0.07241661  18461.75084993
      W   17   7   0     300.000  200000.000      0.14611361      0.03963934  28471.20926803
      W    8   8   0     300.000  200000.000      0.79079149      0.28633304   5125.12168907
      W   10   8   0     300.000  200000.000      0.53882668      0.20401192   7481.31541646
      W   12   8   0     300.000  200000.000      0.36310671      0.13481199  11128.63600531
      W   14   8   0     300.000  200000.000      0.24469099      0.08262047  16689.95915884
      W   16   8   0     300.000  200000.000      0.16377994      0.04696051  25298.82703679
      W   18   8   0     300.000  200000.000      0.10730715      0.02475506  39140.78219738
      W    9   9   0     300.000  200000.000      0.54955807      0.20789022   7336.04230324
      W   11   9   0     300.000  200000.000      0.38168300      0.14264744  10578.49921010
      W   13   9   0     300.000  200000.000      0.26283566      0.09077790  15501.10523503
      W   15   9   0     300.000  200000.000      0.17927013      0.05357748  23037.31901673
      W   17   9   0     300.000  200000.000      0.11978721      0.02932719  34951.54937073
      W   10  10   0     300.000  200000.000      0.38817924      0.14535919  10398.97035226
      W   12  10   0     300.000  200000.000      0.27459810      0.09605403  14816.79172172
      W   14  10   0     300.000  200000.000      0.19142171      0.05886739  21523.06170496
      W   16  10   0     300.000  200000.000      0.13059142      0.03345954  31973.95975373
      W   11  11   0     300.000  200000.000      0.27867768      0.09788003  14593.36429861
      W   13  11   0     300.000  200000.000      0.19919891      0.06228884  20652.52511178
      W   15  11   0     300.000  200000.000      0.13897160      0.03676312  29984.97936671
      W   12  12   0     300.000  200000.000      0.20187817      0.06347296  20368.45334261
      W   14  12   0     300.000  200000.000      0.14428977      0.03889985  28843.41194856
      W   16  12   0     300.000  200000.000      0.09976894      0.02211022  42180.44160303
      W   13  13   0     300.000  200000.000      0.14611361      0.03963934  28471.20926803
      W   15  13   0     300.000  200000.000      0.10346475      0.02339530  40634.70252036
      W   14  14   0     300.000  200000.000      0.10472892      0.02384004  40131.06513468
      W   10   1   1     300.000  200000.000      1.08819736      0.36577568   3754.61676775
      W   12   1   1     300.000  200000.000      0.64766722      0.24169216   6235.26018529
      W   14   1   1     300.000  200000.000      0.39483614      0.14812248  10221.34296265
      W   16   1   1     300.000  200000.000      0.24818327      0.08419109  16447.22899558
      W   18   1   1     300.000  200000.000      0.15762902      0.04438103  26321.81767980
      W   11   2   1     300.000  200000.000      0.80936875      0.29177664   5010.02316739
      W   13   2   1     300.000  200000.000      0.48947258      0.18567908   8233.69332890
      W   15   2   1     300.000  200000.000      0.30499394      0.10958852  13300.22460323
      W   17   2   1     300.000  200000.000      0.19397169      0.05998646  21229.79191067
      W   19   2   1     300.000  200000.000      0.12277000      0.03045282  34076.87080704
      W   10   3   1     300.000  200000.000      0.98232918      0.33922543   4147.59920924
      W   12   3   1     300.000  200000.000      0.59571941      0.22415490   6772.07877857
      W   14   3   1     300.000  200000.000      0.36915169      0.13737478  10943.31741834
      W   16   3   1     300.000  200000.000      0.23459523      0.07808222  17433.48357584
      W   18   3   1     300.000  200000.000      0.14984092      0.04116076  27738.97703205
      W   11   4   1     300.000  200000.000      0.70633029      0.26060168   5725.27918519
      W   13   4   1     300.000  200000.000      0.43847266      0.16584102   9194.78951806
      W   15   4   1     300.000  200000.000      0.27867768      0.09788003  14593.36429861
      W   17   4   1     300.000  200000.000      0.17927013      0.05357748  23037.31901673
      W   19   4   1     300.000  200000.000      0.11405637      0.02719922  36761.01720213
      W   10   5   1     300.000  200000.000      0.80936875      0.29177664   5010.02316739
      W   12   5   1     300.000  200000.000      0.50839428      0.19280576   7927.51172528
      W   14   5   1     300.000  200000.000      0.32449404      0.11816233  12481.66563722
      W   16   5   1     300.000  200000.000      0.21019154      0.06716209  19534.04732642
      W   18   5   1     300.000  200000.000      0.13554923      0.03540425  30767.34732954
      W    9   6   1     300.000  200000.000      0.89007370      0.31460666   4565.91626342
      W   11   6   1     300.000  200000.000      0.57196773      0.21586942   7050.64636187
      W   13   6   1     300.000  200000.000      0.36915169      0.13737478  10943.31741834
      W   15   6   1     300.000  200000.000      0.24126336      0.08107915  16935.22546200
      W   17   6   1     300.000  200000.000      0.15762902      0.04438103  26321.81767980
      W   19   6   1     300.000  200000.000      0.10098501      0.02253054  41659.31946123
      W    8   7   1     300.000  200000.000      0.93463845      0.32668383   4353.55918727
      W   10   7   1     300.000  200000.000      0.62091553      0.23275840   6500.29658132
      W   12   7   1     300.000  200000.000      0.40865396      0.15380766   9871.73932381
      W   14   7   1     300.000  200000.000      0.27059942      0.09426210  15042.54095214
      W   16   7   1     300.000  200000.000      0.17927013      0.05357748  23037.31901673
      W   18   7   1     300.000  200000.000      0.11688354      0.02824317  35846.09946650
      W    9   8   1     300.000  200000.000      0.64766722      0.24169216   6235.26018529
      W   11   8   1     300.000  200000.000      0.43847266      0.16584102   9194.78951806
      W   13   8   1     300.000  200000.000      0.29585403      0.10553781  13722.39140311
      W   15   8   1     300.000  200000.000      0.19919891      0.06228884  20652.52511178
      W   17   8   1     300.000  200000.000      0.13222115      0.03409561  31567.27429958
      W   10   9   1     300.000  200000.000      0.45457774      0.17220627   8867.26113306
      W   12   9   1     300.000  200000.000      0.31453222      0.11379471  12886.70426006
      W   14   9   1     300.000  200000.000      0.21597496      0.06973988  18992.26412246
      W   16   9   1     300.000  200000.000      0.14611361      0.03963934  28471.20926803
      W   11  10   1     300.000  200000.000      0.32449404      0.11816233  12481.66563722
      W   13  10   1     300.000  200000.000      0.22816579      0.07519608  17942.24275988
      W   15  10   1     300.000  200000.000      0.15762902      0.04438103  26321.81767980
      W   17  10   1     300.000  200000.000      0.10600963      0.02429325  39633.11477987
      W   12  11   1     300.000  200000.000      0.23459523      0.07808222  17433.48357584
      W   14  11   1     300.000  200000.000      0.16589254      0.04785324  24965.17789110
      W   16  11   1     300.000  200000.000      0.11405637      0.02719922  36761.01720213
      W   13  12   1     300.000  200000.000      0.17021518      0.04968992  24308.63072759
      W   15  12   1     300.000  200000.000      0.11978721      0.02932719  34951.54937073
      W   14  13   1     300.000  200000.000      0.12277000      0.03045282  34076.87080704
      W   10   2   2     300.000  200000.000      1.00742994      0.34567606   4046.99955531
      W   12   2   2     300.000  200000.000      0.60813018      0.22841614   6635.34205243
      W   14   2   2     300.000  200000.000      0.37534217      0.13998629  10759.94343930
      W   16   2   2     300.000  200000.000      0.23789866      0.07956658  17183.05704595
      W   18   2   2     300.000  200000.000      0.15174544      0.04194323  27378.84746139
      W   11   3   2     300.000  200000.000      0.73851522      0.27060433   5480.26574979
      W   13   3   2     300.000  200000.000      0.45457774      0.17220627   8867.26113306
      W   15   3   2     300.000  200000.000      0.28708918      0.10163683  14153.37758467
      W   17   3   2     300.000  200000.000      0.18401471      0.05563387  22421.87669333
      W   19   3   2     300.000  200000.000      0.11688354      0.02824317  35846.09946650
      W   10   4   2     300.000  200000.000      0.86888642      0.30873676   4674.51026078
      W   12   4   2     300.000  200000.000      0.53882668      0.20401192   7481.31541646
      W   14   4   2     300.000  200000.000      0.34029076      0.12503009  11889.67059550
      W   16   4   2     300.000  200000.000      0.21894270      0.07106565  18725.61549056
      W   18   4   2     300.000  200000.000      0.14071925      0.03746200  29600.24512058
      W    9   5   2     300.000  200000.000      0.98232918      0.33922543   4147.59920924
      W   11   5   2     300.000  200000.000      0.62091553      0.23275840   6500.29658132
      W   13   5   2     300.000  200000.000      0.39483614      0.14812248  10221.34296265
      W   15   5   2     300.000  200000.000      0.25536901      0.08742248  15969.26314242
      W   17   5   2     300.000  200000.000      0.16589254      0.04785324  24965.17789110
      W   19   5   2     300.000  200000.000      0.10600963      0.02429325  39633.11477987
      W    8   6   2     300.000  200000.000      1.06032448      0.35894874   3850.51806507
      W   10   6   2     300.000  200000.000      0.69097817      0.25573991   5850.27383163
      W   12   6   2     300.000  200000.000      0.44641975      0.16899368   9030.12196919
      W   14   6   2     300.000  200000.000      0.29142612      0.10356895  13936.77094244
      W   16   6   2     300.000  200000.000      0.19142171      0.05886739  21523.06170496
      W   18   6   2     300.000  200000.000      0.12429191      0.03103173  33646.83146547
      W    7   7   2     300.000  200000.000      1.08819736      0.36577568   3754.61676775
      W    9   7   2     300.000  200000.000      0.73851522      0.27060433   5480.26574979
      W   11   7   2     300.000  200000.000      0.48947258      0.18567908   8233.69332890
      W   13   7   2     300.000  200000.000      0.32449404      0.11816233  12481.66563722
      W   15   7   2     300.000  200000.000      0.21597496      0.06973988  18992.26412246
      W   17   7   2     300.000  200000.000      0.14249182      0.03817415  29219.74004545
      W    8   8   2     300.000  200000.000      0.75538679      0.27574877   5360.23853877
      W   10   8   2     300.000  200000.000      0.51825525      0.19647102   7777.04338076
      W   12   8   2     300.000  200000.000      0.35143469      0.12982894  11505.16885710
      W   14   8   2     300.000  200000.000      0.23789866      0.07956658  17183.05704595
      W   16   8   2     300.000  200000.000      0.15964882      0.04522472  25977.10112390
      W   18   8   2     300.000  200000.000      0.10472892      0.02384004  40131.06513468
      W    9   9   2     300.000  200000.000      0.52839597      0.20020597   7628.31357944
      W   11   9   2     300.000  200000.000      0.36915169      0.13737478  10943.31741834
      W   13   9   2     300.000  200000.000      0.25536901      0.08742248  15969.26314242
      W   15   9   2     300.000  200000.000      0.17467239      0.05159710  23666.12557190
      W   17   9   2     300.000  200000.000      0.11688354      0.02824317  35846.09946650
      W   10  10   2     300.000  200000.000      0.37534217      0.13998629  10759.94343930
      W   12  10   2     300.000  200000.000      0.26667934      0.09250360  15270.63696012
      W   14  10   2     300.000  200000.000      0.18644414      0.05669148  22119.06507677
      W   16  10   2     300.000  200000.000      0.12739855      0.03222278  32801.05508055
      W   11  11   2     300.000  200000.000      0.27059942      0.09426210  15042.54095214
      W   13  11   2     300.000  200000.000      0.19397169      0.05998646  21229.79191067
      W   15  11   2     300.000  200000.000      0.13554923      0.03540425  30767.34732954
      W   12  12   2     300.000  200000.000      0.19656376      0.06112681  20939.62559749
      W   14  12   2     300.000  200000.000      0.14071925      0.03746200  29600.24512058
      W   13  13   2     300.000  200000.000      0.14249182      0.03817415  29219.74004545
      W   15  13   2     300.000  200000.000      0.10098501      0.02253054  41659.31946123
      W   14  14   2     300.000  200000.000      0.10221686      0.02295885  41144.09700223
      W   10   3   3     300.000  200000.000      0.89007370      0.31460666   4565.91626342
      W   12   3   3     300.000  200000.000      0.54955807      0.20789022   7336.04230324
      W   14   3   3     300.000  200000.000      0.34579882      0.12740692  11696.41527052
      W   16   3   3     300.000  200000.000      0.22196283      0.07241661  18461.75084993
      W   18   3   3     300.000  200000.000      0.14249182      0.03817415  29219.74004545
      W    9   4   3     300.000  200000.000      1.03341556      0.35224969   3947.97561100
      W   11   4   3     300.000  200000.000      0.64766722      0.24169216   6235.26018529
      W   13   4   3     300.000  200000.000      0.40865396      0.15380766   9871.73932381
      W   15   4   3     300.000  200000.000      0.26283566      0.09077790  15501.10523503
      W   17   4   3     300.000  200000.000      0.17021518      0.04968992  24308.63072759
      W   19   4   3     300.000  200000.000      0.10862174      0.02522566  38653.99892666
      W   10   5   3     300.000  200000.000      0.73851522      0.27060433   5480.26574979
      W   12   5   3     300.000  200000.000      0.47155659      0.17881583   8546.92047388
      W   14   5   3     300.000  200000.000      0.30499394      0.10958852  13300.22460323
      W   16   5   3     300.000  200000.000      0.19919891      0.06228884  20652.52511178
      W   18   5   3     300.000  200000.000      0.12898402      0.03283534  32385.20109206
      W    9   6   3     300.000  200000.000      0.80936875      0.29177664   5010.02316739
      W   11   6   3     300.000  200000.000      0.52839597      0.20020597   7628.31357944
      W   13   6   3     300.000  200000.000      0.34579882      0.12740692  11696.41527052
      W   15   6   3     300.000  200000.000      0.22816579      0.07519608  17942.24275988
      W   17   6   3     300.000  200000.000      0.14984092      0.04116076  27738.97703205
      W    8   7   3     300.000  200000.000      0.84839099      0.30297650   4784.72248188
      W   10   7   3     300.000  200000.000      0.57196773      0.21586942   7050.64636187
      W   12   7   3     300.000  200000.000      0.38168300      0.14264744  10578.49921010
      W   14   7   3     300.000  200000.000      0.25536901      0.08742248  15969.26314242
      W   16   7   3     300.000  200000.000      0.17021518      0.04968992  24308.63072759
      W   18   7   3     300.000  200000.000      0.11130323      0.02619386  37696.81041678
      W    9   8   3     300.000  200000.000      0.59571941      0.22415490   6772.07877857
      W   11   8   3     300.000  200000.000      0.40865396      0.15380766   9871.73932381
      W   13   8   3     300.000  200000.000      0.27867768      0.09788003  14593.36429861
      W   15   8   3     300.000  200000.000      0.18891284      0.05776919  21819.47317864
      W   17   8   3     300.000  200000.000      0.12583464      0.03162165  33221.57916258
      W   10   9   3     300.000  200000.000      0.42318277      0.15971105   9529.58638842
      W   12   9   3     300.000  200000.000      0.29585403      0.10553781  13722.39140311
      W   14   9   3     300.000  200000.000      0.20460262      0.06467959  20087.37371982
      W   16   9   3     300.000  200000.000      0.13897160      0.03676312  29984.97936671
      W   11  10   3     300.000  200000.000      0.30499394      0.10958852  13300.22460323
      W   13  10   3     300.000  200000.000      0.21597496      0.06973988  18992.26412246
      W   15  10   3     300.000  200000.000      0.14984092      0.04116076  27738.97703205
      W   17  10   3     300.000  200000.000      0.10098501      0.02253054  41659.31946123
      W   12  11   3     300.000  200000.000      0.22196283      0.07241661  18461.75084993
      W   14  11   3     300.000  200000.000      0.15762902      0.04438103  26321.81767980
      W   16  11   3     300.000  200000.000      0.10862174      0.02522566  38653.99892666
      W   13  12   3     300.000  200000.000      0.16169891      0.04608444  25636.11960955
      W   15  12   3     300.000  200000.000      0.11405637      0.02719922  36761.01720213
      W   14  13   3     300.000  200000.000      0.11688354      0.02824317  35846.09946650
      W   10   4   4     300.000  200000.000      0.75538679      0.27574877   5360.23853877
      W   12   4   4     300.000  200000.000      0.48039328      0.18221514   8389.42210275
      W   14   4   4     300.000  200000.000      0.30971175      0.11167181  13092.39411202
      W   16   4   4     300.000  200000.000      0.20187817      0.06347296  20368.45334261
      W   18   4   4     300.000  200000.000      0.13059142      0.03345954  31973.95975373
      W    9   5   4     300.000  200000.000      0.84839099      0.30297650   4784.72248188
      W   11   5   4     300.000  200000.000      0.54955807      0.20789022   7336.04230324
      W   13   5   4     300.000  200000.000      0.35720254      0.13229700  11315.91454190
      W   15   5   4     300.000  200000.000      0.23459523      0.07808222  17433.48357584
      W   17   5   4     300.000  200000.000      0.15367792      0.04274058  27022.64326699
      W    8   6   4     300.000  200000.000      0.91198113      0.32058830   4458.93465617
      W   10   6   4     300.000  200000.000      0.60813018      0.22841614   6635.34205243
      W   12   6   4     300.000  200000.000      0.40165915      0.15093831  10045.60360878
      W   14   6   4     300.000  200000.000      0.26667934      0.09250360  15270.63696012
      W   16   6   4     300.000  200000.000      0.17695331      0.05257797  23350.03107801
      W   18   6   4     300.000  200000.000      0.11546055      0.02771628  36300.98091718
      W    7   7   4     300.000  200000.000      0.93463845      0.32668383   4353.55918727
      W    9   7   4     300.000  200000.000      0.64766722      0.24169216   6235.26018529
      W   11   7   4     300.000  200000.000      0.43847266      0.16584102   9194.78951806
      W   13   7   4     300.000  200000.000      0.29585403      0.10553781  13722.39140311
      W   15   7   4     300.000  200000.000      0.19919891      0.06228884  20652.52511178
      W   17   7   4     300.000  200000.000      0.13222115      0.03409561  31567.27429958
      W    8   8   4     300.000  200000.000      0.66166371      0.24628683   6105.26005087
      W   10   8   4     300.000  200000.000      0.46295410      0.17547993   8706.19712600
      W   12   8   4     300.000  200000.000      0.31945854      0.11595796  12683.13471092
      W   14   8   4     300.000  200000.000      0.21894270      0.07106565  18725.61549056
      W   16   8   4     300.000  200000.000      0.14796382      0.04039289  28103.08106770
      W    9   9   4     300.000  200000.000      0.47155659      0.17881583   8546.92047388
      W   11   9   4     300.000  200000.000      0.33490650      0.12269759  12084.95214197
      W   13   9   4     300.000  200000.000      0.23459523      0.07808222  17433.48357584
      W   15   9   4     300.000  200000.000      0.16169891      0.04608444  25636.11960955
      W   17   9   4     300.000  200000.000      0.10862174      0.02522566  38653.99892666
      W   10  10   4     300.000  200000.000      0.34029076      0.12503009  11889.67059550
      W   12  10   4     300.000  200000.000      0.24469099      0.08262047  16689.95915884
      W   14  10   4     300.000  200000.000      0.17242660      0.05063453  23985.64457471
      W   16  10   4     300.000  200000.000      0.11832565      0.02878008  35396.30974251
      W   11  11   4     300.000  200000.000      0.24818327      0.08419109  16447.22899558
      W   13  11   4     300.000  200000.000      0.17927013      0.05357748  23037.31901673
      W   15  11   4     300.000  200000.000      0.12583464      0.03162165  33221.57916258
      W   12  12   4     300.000  200000.000      0.18162365      0.05459600  22727.94787363
      W   14  12   4     300.000  200000.000      0.13059142      0.03345954  31973.95975373
      W   13  13   4     300.000  200000.000      0.13222115      0.03409561  31567.27429958
      W   12   8   6     300.000  200000.000      0.27459810      0.09605403  14816.79172172
      W   14   8   6     300.000  200000.000      0.19142171      0.05886739  21523.06170496
      W   16   8   6     300.000  200000.000      0.13059142      0.03345954  31973.95975373
      W    9   9   6     300.000  200000.000      0.39483614      0.14812248  10221.34296265
      W   11   9   6     300.000  200000.000      0.28708918      0.10163683  14153.37758467
      W   13   9   6     300.000  200000.000      0.20460262      0.06467959  20087.37371982
      W   15   9   6     300.000  200000.000      0.14249182      0.03817415  29219.74004545
      W   10  10   6     300.000  200000.000      0.29142612      0.10356895  13936.77094244
      W   12  10   6     300.000  200000.000      0.21305833      0.06843885  19261.73010429
      W   14  10   6     300.000  200000.000      0.15174544      0.04194323  27378.84746139
      W   16  10   6     300.000  200000.000      0.10472892      0.02384004  40131.06513468
      W   11  11   6     300.000  200000.000      0.21597496      0.06973988  18992.26412246
      W   13  11   6     300.000  200000.000      0.15762902      0.04438103  26321.81767980
      W   15  11   6     300.000  200000.000      0.11130323      0.02619386  37696.81041678
      W   12  12   6     300.000  200000.000      0.15964882      0.04522472  25977.10112390
      W   14  12   6     300.000  200000.000      0.11546055      0.02771628  36300.98091718
      W   13  13   6     300.000  200000.000      0.11688354      0.02824317  35846.09946650
      W    8   7   7     300.000  200000.000      0.54955807      0.20789022   7336.04230324
      W   10   7   7     300.000  200000.000      0.39483614      0.14812248  10221.34296265
      W   12   7   7     300.000  200000.000      0.27867768      0.09788003  14593.36429861
      W   14   7   7     300.000  200000.000      0.19397169      0.05998646  21229.79191067
      W   16   7   7     300.000  200000.000      0.13222115      0.03409561  31567.27429958
      W    9   8   7     300.000  200000.000      0.40865396      0.15380766   9871.73932381
      W   11   8   7     300.000  200000.000      0.29585403      0.10553781  13722.39140311
      W   13   8   7     300.000  200000.000      0.21019154      0.06716209  19534.04732642
      W   15   8   7     300.000  200000.000      0.14611361      0.03963934  28471.20926803
      W   10   9   7     300.000  200000.000      0.30499394      0.10958852  13300.22460323
      W   12   9   7     300.000  200000.000      0.22196283      0.07241661  18461.75084993
      W   14   9   7     300.000  200000.000      0.15762902      0.04438103  26321.81767980
      W   16   9   7     300.000  200000.000      0.10862174      0.02522566  38653.99892666
      W   11  10   7     300.000  200000.000      0.22816579      0.07519608  17942.24275988
      W   13  10   7     300.000  200000.000      0.16589254      0.04785324  24965.17789110
      W   15  10   7     300.000  200000.000      0.11688354      0.02824317  35846.09946650
      W   12  11   7     300.000  200000.000      0.17021518      0.04968992  24308.63072759
      W   14  11   7     300.000  200000.000      0.12277000      0.03045282  34076.87080704
      W   13  12   7     300.000  200000.000      0.12583464      0.03162165  33221.57916258
      W    8   8   8     300.000  200000.000      0.41582645      0.15673157   9699.73760110
      W   10   8   8     300.000  200000.000      0.30971175      0.11167181  13092.39411202
      W   12   8   8     300.000  200000.000      0.22503673      0.07379326  18200.63737256
      W   14   8   8     300.000  200000.000      0.15964882      0.04522472  25977.10112390
      W   16   8   8     300.000  200000.000      0.10995367      0.02570520  38172.69729654
      W    9   9   8     300.000  200000.000      0.31453222      0.11379471  12886.70426006
      W   11   9   8     300.000  200000.000      0.23459523      0.07808222  17433.48357584
      W   13   9   8     300.000  200000.000      0.17021518      0.04968992  24308.63072759
      W   15   9   8     300.000  200000.000      0.11978721      0.02932719  34951.54937073
      W   10  10   8     300.000  200000.000      0.23789866      0.07956658  17183.05704595
      W   12  10   8     300.000  200000.000      0.17695331      0.05257797  23350.03107801
      W   14  10   8     300.000  200000.000      0.12739855      0.03222278  32801.05508055
      W   11  11   8     300.000  200000.000      0.17927013      0.05357748  23037.31901673
      W   13  11   8     300.000  200000.000      0.13222115      0.03409561  31567.27429958
      W   12  12   8     300.000  200000.000      0.13387361      0.03474377  31165.08863481
      W   10   9   9     300.000  200000.000      0.24126336      0.08107915  16935.22546200
      W   12   9   9     300.000  200000.000      0.17927013      0.05357748  23037.31901673
      W   14   9   9     300.000  200000.000      0.12898402      0.03283534  32385.20109206
      W   11  10   9     300.000  200000.000      0.18401471      0.05563387  22421.87669333
      W   13  10   9     300.000  200000.000      0.13554923      0.03540425  30767.34732954
      W   12  11   9     300.000  200000.000      0.13897160      0.03676312  29984.97936671
      W   14  11   9     300.000  200000.000      0.10098501      0.02253054  41659.31946123
      W   13  12   9     300.000  200000.000      0.10346475      0.02339530  40634.70252036
      W   10  10  10     300.000  200000.000      0.18644414      0.05669148  22119.06507677
      W   12  10  10     300.000  200000.000      0.14071925      0.03746200  29600.24512058
      W   14  10  10     300.000  200000.000      0.10221686      0.02295885  41144.09700223
      W   11  11  10     300.000  200000.000      0.14249182      0.03817415  29219.74004545
      W   13  11  10     300.000  200000.000      0.10600963      0.02429325  39633.11477987
      W   12  12  10     300.000  200000.000      0.10730715      0.02475506  39140.78219738
      W   12  11  11     300.000  200000.000      0.10862174      0.02522566  38653.99892666
