# test_Lib_CrystalStructureFactor v.0.0.1
 element           g       T (K)       V (V)         Re(U_g)         Im(U_g)                xi_g
Ni         0   0   0     300.000  200000.000     28.68495284      0.47478044        150.24637088
Ni        -1  -1  -1     300.000  200000.000     12.68461190      0.44384580        339.60550597
Ni         1   1   1     300.000  200000.000     12.68461190      0.44384580        339.60550597
Ni         0   0  -2     300.000  200000.000     11.10560978      0.43410046        387.83203150
Ni         0  -2   0     300.000  200000.000     11.10560978      0.43410046        387.83203150
Ni        -2   0   0     300.000  200000.000     11.10560978      0.43410046        387.83203150
Ni         2   0   0     300.000  200000.000     11.10560978      0.43410046        387.83203150
Ni         0   2   0     300.000  200000.000     11.10560978      0.43410046        387.83203150
Ni         0   0   2     300.000  200000.000     11.10560978      0.43410046        387.83203150
Ni         0  -2  -2     300.000  200000.000      7.61883834      0.39787034        564.98571855
Ni        -2   0  -2     300.000  200000.000      7.61883834      0.39787034        564.98571855
Ni         2   0  -2     300.000  200000.000      7.61883834      0.39787034        564.98571855
Ni         0   2  -2     300.000  200000.000      7.61883834      0.39787034        564.98571855
Ni        -2  -2   0     300.000  200000.000      7.61883834      0.39787034        564.98571855
Ni         2  -2   0     300.000  200000.000      7.61883834      0.39787034        564.98571855
Ni        -2   2   0     300.000  200000.000      7.61883834      0.39787034        564.98571855
Ni         2   2   0     300.000  200000.000      7.61883834      0.39787034        564.98571855
Ni         0  -2   2     300.000  200000.000      7.61883834      0.39787034        564.98571855
Ni        -2   0   2     300.000  200000.000      7.61883834      0.39787034        564.98571855
Ni         2   0   2     300.000  200000.000      7.61883834      0.39787034        564.98571855
Ni         0   2   2     300.000  200000.000      7.61883834      0.39787034        564.98571855
Ni        -1  -1  -3     300.000  200000.000      6.22965762      0.37339739        690.67652939
Ni        -1  -3  -1     300.000  200000.000      6.22965762      0.37339739        690.67652939
Ni        -3  -1  -1     300.000  200000.000      6.22965762      0.37339739        690.67652939
Ni         3   1   1     300.000  200000.000      6.22965762      0.37339739        690.67652939
Ni         1   3   1     300.000  200000.000      6.22965762      0.37339739        690.67652939
Ni         1   1   3     300.000  200000.000      6.22965762      0.37339739        690.67652939
Ni        -2  -2  -2     300.000  200000.000      5.87723670      0.36571139        731.99020166
Ni         2  -2  -2     300.000  200000.000      5.87723670      0.36571139        731.99020166
Ni        -2   2  -2     300.000  200000.000      5.87723670      0.36571139        731.99020166
Ni         2   2  -2     300.000  200000.000      5.87723670      0.36571139        731.99020166
Ni        -2  -2   2     300.000  200000.000      5.87723670      0.36571139        731.99020166
Ni         2  -2   2     300.000  200000.000      5.87723670      0.36571139        731.99020166
Ni        -2   2   2     300.000  200000.000      5.87723670      0.36571139        731.99020166
Ni         2   2   2     300.000  200000.000      5.87723670      0.36571139        731.99020166
Ni         0   0  -4     300.000  200000.000      4.78435749      0.33710559        898.70799401
Ni         0  -4   0     300.000  200000.000      4.78435749      0.33710559        898.70799401
Ni        -4   0   0     300.000  200000.000      4.78435749      0.33710559        898.70799401
Ni         4   0   0     300.000  200000.000      4.78435749      0.33710559        898.70799401
Ni         0   4   0     300.000  200000.000      4.78435749      0.33710559        898.70799401
Ni         0   0   4     300.000  200000.000      4.78435749      0.33710559        898.70799401
Ni        -1  -3  -3     300.000  200000.000      4.17696392      0.31767813       1028.97412544
Ni        -3  -1  -3     300.000  200000.000      4.17696392      0.31767813       1028.97412544
Ni        -3  -3  -1     300.000  200000.000      4.17696392      0.31767813       1028.97412544
Ni         3   3   1     300.000  200000.000      4.17696392      0.31767813       1028.97412544
Ni         3   1   3     300.000  200000.000      4.17696392      0.31767813       1028.97412544
Ni         1   3   3     300.000  200000.000      4.17696392      0.31767813       1028.97412544
Ni         0  -2  -4     300.000  200000.000      4.00171669      0.31154980       1073.88817882
Ni        -2   0  -4     300.000  200000.000      4.00171669      0.31154980       1073.88817882
Ni         2   0  -4     300.000  200000.000      4.00171669      0.31154980       1073.88817882
Ni         0   2  -4     300.000  200000.000      4.00171669      0.31154980       1073.88817882
Ni         0  -4  -2     300.000  200000.000      4.00171669      0.31154980       1073.88817882
Ni        -4   0  -2     300.000  200000.000      4.00171669      0.31154980       1073.88817882
Ni         4   0  -2     300.000  200000.000      4.00171669      0.31154980       1073.88817882
Ni         0   4  -2     300.000  200000.000      4.00171669      0.31154980       1073.88817882
Ni        -2  -4   0     300.000  200000.000      4.00171669      0.31154980       1073.88817882
Ni         2  -4   0     300.000  200000.000      4.00171669      0.31154980       1073.88817882
Ni        -4  -2   0     300.000  200000.000      4.00171669      0.31154980       1073.88817882
Ni         4  -2   0     300.000  200000.000      4.00171669      0.31154980       1073.88817882
Ni        -4   2   0     300.000  200000.000      4.00171669      0.31154980       1073.88817882
Ni         4   2   0     300.000  200000.000      4.00171669      0.31154980       1073.88817882
Ni        -2   4   0     300.000  200000.000      4.00171669      0.31154980       1073.88817882
Ni         2   4   0     300.000  200000.000      4.00171669      0.31154980       1073.88817882
Ni         0  -4   2     300.000  200000.000      4.00171669      0.31154980       1073.88817882
Ni        -4   0   2     300.000  200000.000      4.00171669      0.31154980       1073.88817882
Ni         4   0   2     300.000  200000.000      4.00171669      0.31154980       1073.88817882
Ni         0   4   2     300.000  200000.000      4.00171669      0.31154980       1073.88817882
Ni         0  -2   4     300.000  200000.000      4.00171669      0.31154980       1073.88817882
Ni        -2   0   4     300.000  200000.000      4.00171669      0.31154980       1073.88817882
Ni         2   0   4     300.000  200000.000      4.00171669      0.31154980       1073.88817882
Ni         0   2   4     300.000  200000.000      4.00171669      0.31154980       1073.88817882
Ni        -2  -2  -4     300.000  200000.000      3.40247200      0.28860318       1262.31090558
Ni         2  -2  -4     300.000  200000.000      3.40247200      0.28860318       1262.31090558
Ni        -2   2  -4     300.000  200000.000      3.40247200      0.28860318       1262.31090558
Ni         2   2  -4     300.000  200000.000      3.40247200      0.28860318       1262.31090558
Ni        -2  -4  -2     300.000  200000.000      3.40247200      0.28860318       1262.31090558
Ni         2  -4  -2     300.000  200000.000      3.40247200      0.28860318       1262.31090558
Ni        -4  -2  -2     300.000  200000.000      3.40247200      0.28860318       1262.31090558
Ni         4  -2  -2     300.000  200000.000      3.40247200      0.28860318       1262.31090558
Ni        -4   2  -2     300.000  200000.000      3.40247200      0.28860318       1262.31090558
Ni         4   2  -2     300.000  200000.000      3.40247200      0.28860318       1262.31090558
Ni        -2   4  -2     300.000  200000.000      3.40247200      0.28860318       1262.31090558
Ni         2   4  -2     300.000  200000.000      3.40247200      0.28860318       1262.31090558
Ni        -2  -4   2     300.000  200000.000      3.40247200      0.28860318       1262.31090558
Ni         2  -4   2     300.000  200000.000      3.40247200      0.28860318       1262.31090558
Ni        -4  -2   2     300.000  200000.000      3.40247200      0.28860318       1262.31090558
Ni         4  -2   2     300.000  200000.000      3.40247200      0.28860318       1262.31090558
Ni        -4   2   2     300.000  200000.000      3.40247200      0.28860318       1262.31090558
Ni         4   2   2     300.000  200000.000      3.40247200      0.28860318       1262.31090558
Ni        -2   4   2     300.000  200000.000      3.40247200      0.28860318       1262.31090558
Ni         2   4   2     300.000  200000.000      3.40247200      0.28860318       1262.31090558
Ni        -2  -2   4     300.000  200000.000      3.40247200      0.28860318       1262.31090558
Ni         2  -2   4     300.000  200000.000      3.40247200      0.28860318       1262.31090558
Ni        -2   2   4     300.000  200000.000      3.40247200      0.28860318       1262.31090558
Ni         2   2   4     300.000  200000.000      3.40247200      0.28860318       1262.31090558
Ni        -1  -1  -5     300.000  200000.000      3.03734844      0.27287970       1413.43984508
Ni        -3  -3  -3     300.000  200000.000      3.03734844      0.27287970       1413.43984508
Ni        -1  -5  -1     300.000  200000.000      3.03734844      0.27287970       1413.43984508
Ni        -5  -1  -1     300.000  200000.000      3.03734844      0.27287970       1413.43984508
Ni         5   1   1     300.000  200000.000      3.03734844      0.27287970       1413.43984508
Ni         1   5   1     300.000  200000.000      3.03734844      0.27287970       1413.43984508
Ni         3   3   3     300.000  200000.000      3.03734844      0.27287970       1413.43984508
Ni         1   1   5     300.000  200000.000      3.03734844      0.27287970       1413.43984508
Ni         0  -4  -4     300.000  200000.000      2.54714344      0.24911580       1684.21299684
Ni        -4   0  -4     300.000  200000.000      2.54714344      0.24911580       1684.21299684
Ni         4   0  -4     300.000  200000.000      2.54714344      0.24911580       1684.21299684
Ni         0   4  -4     300.000  200000.000      2.54714344      0.24911580       1684.21299684
Ni        -4  -4   0     300.000  200000.000      2.54714344      0.24911580       1684.21299684
Ni         4  -4   0     300.000  200000.000      2.54714344      0.24911580       1684.21299684
Ni        -4   4   0     300.000  200000.000      2.54714344      0.24911580       1684.21299684
Ni         4   4   0     300.000  200000.000      2.54714344      0.24911580       1684.21299684
Ni         0  -4   4     300.000  200000.000      2.54714344      0.24911580       1684.21299684
Ni        -4   0   4     300.000  200000.000      2.54714344      0.24911580       1684.21299684
Ni         4   0   4     300.000  200000.000      2.54714344      0.24911580       1684.21299684
Ni         0   4   4     300.000  200000.000      2.54714344      0.24911580       1684.21299684
Ni        -1  -3  -5     300.000  200000.000      2.30837380      0.23614343       1857.59415874
Ni        -3  -1  -5     300.000  200000.000      2.30837380      0.23614343       1857.59415874
Ni        -1  -5  -3     300.000  200000.000      2.30837380      0.23614343       1857.59415874
Ni        -5  -1  -3     300.000  200000.000      2.30837380      0.23614343       1857.59415874
Ni        -3  -5  -1     300.000  200000.000      2.30837380      0.23614343       1857.59415874
Ni        -5  -3  -1     300.000  200000.000      2.30837380      0.23614343       1857.59415874
Ni         5   3   1     300.000  200000.000      2.30837380      0.23614343       1857.59415874
Ni         3   5   1     300.000  200000.000      2.30837380      0.23614343       1857.59415874
Ni         5   1   3     300.000  200000.000      2.30837380      0.23614343       1857.59415874
Ni         1   5   3     300.000  200000.000      2.30837380      0.23614343       1857.59415874
Ni         3   1   5     300.000  200000.000      2.30837380      0.23614343       1857.59415874
Ni         1   3   5     300.000  200000.000      2.30837380      0.23614343       1857.59415874
Ni         0   0  -6     300.000  200000.000      2.23636398      0.23201247       1917.12500808
Ni        -2  -4  -4     300.000  200000.000      2.23636398      0.23201247       1917.12500808
Ni         2  -4  -4     300.000  200000.000      2.23636398      0.23201247       1917.12500808
Ni        -4  -2  -4     300.000  200000.000      2.23636398      0.23201247       1917.12500808
Ni         4  -2  -4     300.000  200000.000      2.23636398      0.23201247       1917.12500808
Ni        -4   2  -4     300.000  200000.000      2.23636398      0.23201247       1917.12500808
Ni         4   2  -4     300.000  200000.000      2.23636398      0.23201247       1917.12500808
Ni        -2   4  -4     300.000  200000.000      2.23636398      0.23201247       1917.12500808
Ni         2   4  -4     300.000  200000.000      2.23636398      0.23201247       1917.12500808
Ni        -4  -4  -2     300.000  200000.000      2.23636398      0.23201247       1917.12500808
Ni         4  -4  -2     300.000  200000.000      2.23636398      0.23201247       1917.12500808
Ni        -4   4  -2     300.000  200000.000      2.23636398      0.23201247       1917.12500808
Ni         4   4  -2     300.000  200000.000      2.23636398      0.23201247       1917.12500808
Ni         0  -6   0     300.000  200000.000      2.23636398      0.23201247       1917.12500808
Ni        -6   0   0     300.000  200000.000      2.23636398      0.23201247       1917.12500808
Ni         6   0   0     300.000  200000.000      2.23636398      0.23201247       1917.12500808
Ni         0   6   0     300.000  200000.000      2.23636398      0.23201247       1917.12500808
Ni        -4  -4   2     300.000  200000.000      2.23636398      0.23201247       1917.12500808
Ni         4  -4   2     300.000  200000.000      2.23636398      0.23201247       1917.12500808
Ni        -4   4   2     300.000  200000.000      2.23636398      0.23201247       1917.12500808
Ni         4   4   2     300.000  200000.000      2.23636398      0.23201247       1917.12500808
Ni        -2  -4   4     300.000  200000.000      2.23636398      0.23201247       1917.12500808
Ni         2  -4   4     300.000  200000.000      2.23636398      0.23201247       1917.12500808
Ni        -4  -2   4     300.000  200000.000      2.23636398      0.23201247       1917.12500808
Ni         4  -2   4     300.000  200000.000      2.23636398      0.23201247       1917.12500808
Ni        -4   2   4     300.000  200000.000      2.23636398      0.23201247       1917.12500808
Ni         4   2   4     300.000  200000.000      2.23636398      0.23201247       1917.12500808
Ni        -2   4   4     300.000  200000.000      2.23636398      0.23201247       1917.12500808
Ni         2   4   4     300.000  200000.000      2.23636398      0.23201247       1917.12500808
Ni         0   0   6     300.000  200000.000      2.23636398      0.23201247       1917.12500808
Ni         0  -2  -6     300.000  200000.000      1.98050549      0.21637361       2163.54061224
Ni        -2   0  -6     300.000  200000.000      1.98050549      0.21637361       2163.54061224
Ni         2   0  -6     300.000  200000.000      1.98050549      0.21637361       2163.54061224
Ni         0   2  -6     300.000  200000.000      1.98050549      0.21637361       2163.54061224
Ni         0  -6  -2     300.000  200000.000      1.98050549      0.21637361       2163.54061224
Ni        -6   0  -2     300.000  200000.000      1.98050549      0.21637361       2163.54061224
Ni         6   0  -2     300.000  200000.000      1.98050549      0.21637361       2163.54061224
Ni         0   6  -2     300.000  200000.000      1.98050549      0.21637361       2163.54061224
Ni        -2  -6   0     300.000  200000.000      1.98050549      0.21637361       2163.54061224
Ni         2  -6   0     300.000  200000.000      1.98050549      0.21637361       2163.54061224
Ni        -6  -2   0     300.000  200000.000      1.98050549      0.21637361       2163.54061224
Ni         6  -2   0     300.000  200000.000      1.98050549      0.21637361       2163.54061224
Ni        -6   2   0     300.000  200000.000      1.98050549      0.21637361       2163.54061224
Ni         6   2   0     300.000  200000.000      1.98050549      0.21637361       2163.54061224
Ni        -2   6   0     300.000  200000.000      1.98050549      0.21637361       2163.54061224
Ni         2   6   0     300.000  200000.000      1.98050549      0.21637361       2163.54061224
Ni         0  -6   2     300.000  200000.000      1.98050549      0.21637361       2163.54061224
Ni        -6   0   2     300.000  200000.000      1.98050549      0.21637361       2163.54061224
Ni         6   0   2     300.000  200000.000      1.98050549      0.21637361       2163.54061224
Ni         0   6   2     300.000  200000.000      1.98050549      0.21637361       2163.54061224
Ni         0  -2   6     300.000  200000.000      1.98050549      0.21637361       2163.54061224
Ni        -2   0   6     300.000  200000.000      1.98050549      0.21637361       2163.54061224
Ni         2   0   6     300.000  200000.000      1.98050549      0.21637361       2163.54061224
Ni         0   2   6     300.000  200000.000      1.98050549      0.21637361       2163.54061224
Ni        -3  -3  -5     300.000  200000.000      1.81743627      0.20549878       2356.67553651
Ni        -3  -5  -3     300.000  200000.000      1.81743627      0.20549878       2356.67553651
Ni        -5  -3  -3     300.000  200000.000      1.81743627      0.20549878       2356.67553651
Ni         5   3   3     300.000  200000.000      1.81743627      0.20549878       2356.67553651
Ni         3   5   3     300.000  200000.000      1.81743627      0.20549878       2356.67553651
Ni         3   3   5     300.000  200000.000      1.81743627      0.20549878       2356.67553651
Ni        -2  -2  -6     300.000  200000.000      1.76775767      0.20202364       2422.57479796
Ni         2  -2  -6     300.000  200000.000      1.76775767      0.20202364       2422.57479796
Ni        -2   2  -6     300.000  200000.000      1.76775767      0.20202364       2422.57479796
Ni         2   2  -6     300.000  200000.000      1.76775767      0.20202364       2422.57479796
Ni        -2  -6  -2     300.000  200000.000      1.76775767      0.20202364       2422.57479796
Ni         2  -6  -2     300.000  200000.000      1.76775767      0.20202364       2422.57479796
Ni        -6  -2  -2     300.000  200000.000      1.76775767      0.20202364       2422.57479796
Ni         6  -2  -2     300.000  200000.000      1.76775767      0.20202364       2422.57479796
Ni        -6   2  -2     300.000  200000.000      1.76775767      0.20202364       2422.57479796
Ni         6   2  -2     300.000  200000.000      1.76775767      0.20202364       2422.57479796
Ni        -2   6  -2     300.000  200000.000      1.76775767      0.20202364       2422.57479796
Ni         2   6  -2     300.000  200000.000      1.76775767      0.20202364       2422.57479796
Ni        -2  -6   2     300.000  200000.000      1.76775767      0.20202364       2422.57479796
Ni         2  -6   2     300.000  200000.000      1.76775767      0.20202364       2422.57479796
Ni        -6  -2   2     300.000  200000.000      1.76775767      0.20202364       2422.57479796
Ni         6  -2   2     300.000  200000.000      1.76775767      0.20202364       2422.57479796
Ni        -6   2   2     300.000  200000.000      1.76775767      0.20202364       2422.57479796
Ni         6   2   2     300.000  200000.000      1.76775767      0.20202364       2422.57479796
Ni        -2   6   2     300.000  200000.000      1.76775767      0.20202364       2422.57479796
Ni         2   6   2     300.000  200000.000      1.76775767      0.20202364       2422.57479796
Ni        -2  -2   6     300.000  200000.000      1.76775767      0.20202364       2422.57479796
Ni         2  -2   6     300.000  200000.000      1.76775767      0.20202364       2422.57479796
Ni        -2   2   6     300.000  200000.000      1.76775767      0.20202364       2422.57479796
Ni         2   2   6     300.000  200000.000      1.76775767      0.20202364       2422.57479796
Ni        -4  -4  -4     300.000  200000.000      1.58910083      0.18881545       2693.53063436
Ni         4  -4  -4     300.000  200000.000      1.58910083      0.18881545       2693.53063436
Ni        -4   4  -4     300.000  200000.000      1.58910083      0.18881545       2693.53063436
Ni         4   4  -4     300.000  200000.000      1.58910083      0.18881545       2693.53063436
Ni        -4  -4   4     300.000  200000.000      1.58910083      0.18881545       2693.53063436
Ni         4  -4   4     300.000  200000.000      1.58910083      0.18881545       2693.53063436
Ni        -4   4   4     300.000  200000.000      1.58910083      0.18881545       2693.53063436
Ni         4   4   4     300.000  200000.000      1.58910083      0.18881545       2693.53063436
Ni        -1  -1  -7     300.000  200000.000      1.47323897      0.17958315       2904.30078910
Ni        -1  -5  -5     300.000  200000.000      1.47323897      0.17958315       2904.30078910
Ni        -5  -1  -5     300.000  200000.000      1.47323897      0.17958315       2904.30078910
Ni        -1  -7  -1     300.000  200000.000      1.47323897      0.17958315       2904.30078910
Ni        -5  -5  -1     300.000  200000.000      1.47323897      0.17958315       2904.30078910
Ni        -7  -1  -1     300.000  200000.000      1.47323897      0.17958315       2904.30078910
Ni         7   1   1     300.000  200000.000      1.47323897      0.17958315       2904.30078910
Ni         5   5   1     300.000  200000.000      1.47323897      0.17958315       2904.30078910
Ni         1   7   1     300.000  200000.000      1.47323897      0.17958315       2904.30078910
Ni         5   1   5     300.000  200000.000      1.47323897      0.17958315       2904.30078910
Ni         1   5   5     300.000  200000.000      1.47323897      0.17958315       2904.30078910
Ni         1   1   7     300.000  200000.000      1.47323897      0.17958315       2904.30078910
Ni         0  -4  -6     300.000  200000.000      1.43758884      0.17662484       2975.97696716
Ni        -4   0  -6     300.000  200000.000      1.43758884      0.17662484       2975.97696716
Ni         4   0  -6     300.000  200000.000      1.43758884      0.17662484       2975.97696716
Ni         0   4  -6     300.000  200000.000      1.43758884      0.17662484       2975.97696716
Ni         0  -6  -4     300.000  200000.000      1.43758884      0.17662484       2975.97696716
Ni        -6   0  -4     300.000  200000.000      1.43758884      0.17662484       2975.97696716
Ni         6   0  -4     300.000  200000.000      1.43758884      0.17662484       2975.97696716
Ni         0   6  -4     300.000  200000.000      1.43758884      0.17662484       2975.97696716
Ni        -4  -6   0     300.000  200000.000      1.43758884      0.17662484       2975.97696716
Ni         4  -6   0     300.000  200000.000      1.43758884      0.17662484       2975.97696716
Ni        -6  -4   0     300.000  200000.000      1.43758884      0.17662484       2975.97696716
Ni         6  -4   0     300.000  200000.000      1.43758884      0.17662484       2975.97696716
Ni        -6   4   0     300.000  200000.000      1.43758884      0.17662484       2975.97696716
Ni         6   4   0     300.000  200000.000      1.43758884      0.17662484       2975.97696716
Ni        -4   6   0     300.000  200000.000      1.43758884      0.17662484       2975.97696716
Ni         4   6   0     300.000  200000.000      1.43758884      0.17662484       2975.97696716
Ni         0  -6   4     300.000  200000.000      1.43758884      0.17662484       2975.97696716
Ni        -6   0   4     300.000  200000.000      1.43758884      0.17662484       2975.97696716
Ni         6   0   4     300.000  200000.000      1.43758884      0.17662484       2975.97696716
Ni         0   6   4     300.000  200000.000      1.43758884      0.17662484       2975.97696716
Ni         0  -4   6     300.000  200000.000      1.43758884      0.17662484       2975.97696716
Ni        -4   0   6     300.000  200000.000      1.43758884      0.17662484       2975.97696716
Ni         4   0   6     300.000  200000.000      1.43758884      0.17662484       2975.97696716
Ni         0   4   6     300.000  200000.000      1.43758884      0.17662484       2975.97696716
Ni        -2  -4  -6     300.000  200000.000      1.30784576      0.16534622       3269.77391649
Ni         2  -4  -6     300.000  200000.000      1.30784576      0.16534622       3269.77391649
Ni        -4  -2  -6     300.000  200000.000      1.30784576      0.16534622       3269.77391649
Ni         4  -2  -6     300.000  200000.000      1.30784576      0.16534622       3269.77391649
Ni        -4   2  -6     300.000  200000.000      1.30784576      0.16534622       3269.77391649
Ni         4   2  -6     300.000  200000.000      1.30784576      0.16534622       3269.77391649
Ni        -2   4  -6     300.000  200000.000      1.30784576      0.16534622       3269.77391649
Ni         2   4  -6     300.000  200000.000      1.30784576      0.16534622       3269.77391649
Ni        -2  -6  -4     300.000  200000.000      1.30784576      0.16534622       3269.77391649
Ni         2  -6  -4     300.000  200000.000      1.30784576      0.16534622       3269.77391649
Ni        -6  -2  -4     300.000  200000.000      1.30784576      0.16534622       3269.77391649
Ni         6  -2  -4     300.000  200000.000      1.30784576      0.16534622       3269.77391649
Ni        -6   2  -4     300.000  200000.000      1.30784576      0.16534622       3269.77391649
Ni         6   2  -4     300.000  200000.000      1.30784576      0.16534622       3269.77391649
Ni        -2   6  -4     300.000  200000.000      1.30784576      0.16534622       3269.77391649
Ni         2   6  -4     300.000  200000.000      1.30784576      0.16534622       3269.77391649
Ni        -4  -6  -2     300.000  200000.000      1.30784576      0.16534622       3269.77391649
Ni         4  -6  -2     300.000  200000.000      1.30784576      0.16534622       3269.77391649
Ni        -6  -4  -2     300.000  200000.000      1.30784576      0.16534622       3269.77391649
Ni         6  -4  -2     300.000  200000.000      1.30784576      0.16534622       3269.77391649
Ni        -6   4  -2     300.000  200000.000      1.30784576      0.16534622       3269.77391649
Ni         6   4  -2     300.000  200000.000      1.30784576      0.16534622       3269.77391649
Ni        -4   6  -2     300.000  200000.000      1.30784576      0.16534622       3269.77391649
Ni         4   6  -2     300.000  200000.000      1.30784576      0.16534622       3269.77391649
Ni        -4  -6   2     300.000  200000.000      1.30784576      0.16534622       3269.77391649
Ni         4  -6   2     300.000  200000.000      1.30784576      0.16534622       3269.77391649
Ni        -6  -4   2     300.000  200000.000      1.30784576      0.16534622       3269.77391649
Ni         6  -4   2     300.000  200000.000      1.30784576      0.16534622       3269.77391649
Ni        -6   4   2     300.000  200000.000      1.30784576      0.16534622       3269.77391649
Ni         6   4   2     300.000  200000.000      1.30784576      0.16534622       3269.77391649
Ni        -4   6   2     300.000  200000.000      1.30784576      0.16534622       3269.77391649
Ni         4   6   2     300.000  200000.000      1.30784576      0.16534622       3269.77391649
Ni        -2  -6   4     300.000  200000.000      1.30784576      0.16534622       3269.77391649
Ni         2  -6   4     300.000  200000.000      1.30784576      0.16534622       3269.77391649
Ni        -6  -2   4     300.000  200000.000      1.30784576      0.16534622       3269.77391649
Ni         6  -2   4     300.000  200000.000      1.30784576      0.16534622       3269.77391649
Ni        -6   2   4     300.000  200000.000      1.30784576      0.16534622       3269.77391649
Ni         6   2   4     300.000  200000.000      1.30784576      0.16534622       3269.77391649
Ni        -2   6   4     300.000  200000.000      1.30784576      0.16534622       3269.77391649
Ni         2   6   4     300.000  200000.000      1.30784576      0.16534622       3269.77391649
Ni        -2  -4   6     300.000  200000.000      1.30784576      0.16534622       3269.77391649
Ni         2  -4   6     300.000  200000.000      1.30784576      0.16534622       3269.77391649
Ni        -4  -2   6     300.000  200000.000      1.30784576      0.16534622       3269.77391649
Ni         4  -2   6     300.000  200000.000      1.30784576      0.16534622       3269.77391649
Ni        -4   2   6     300.000  200000.000      1.30784576      0.16534622       3269.77391649
Ni         4   2   6     300.000  200000.000      1.30784576      0.16534622       3269.77391649
Ni        -2   4   6     300.000  200000.000      1.30784576      0.16534622       3269.77391649
Ni         2   4   6     300.000  200000.000      1.30784576      0.16534622       3269.77391649
Ni        -1  -3  -7     300.000  200000.000      1.22227466      0.15743082       3497.64657129
Ni        -3  -1  -7     300.000  200000.000      1.22227466      0.15743082       3497.64657129
Ni        -3  -5  -5     300.000  200000.000      1.22227466      0.15743082       3497.64657129
Ni        -5  -3  -5     300.000  200000.000      1.22227466      0.15743082       3497.64657129
Ni        -1  -7  -3     300.000  200000.000      1.22227466      0.15743082       3497.64657129
Ni        -5  -5  -3     300.000  200000.000      1.22227466      0.15743082       3497.64657129
Ni        -7  -1  -3     300.000  200000.000      1.22227466      0.15743082       3497.64657129
Ni        -3  -7  -1     300.000  200000.000      1.22227466      0.15743082       3497.64657129
Ni        -7  -3  -1     300.000  200000.000      1.22227466      0.15743082       3497.64657129
Ni         7   3   1     300.000  200000.000      1.22227466      0.15743082       3497.64657129
Ni         3   7   1     300.000  200000.000      1.22227466      0.15743082       3497.64657129
Ni         7   1   3     300.000  200000.000      1.22227466      0.15743082       3497.64657129
Ni         5   5   3     300.000  200000.000      1.22227466      0.15743082       3497.64657129
Ni         1   7   3     300.000  200000.000      1.22227466      0.15743082       3497.64657129
Ni         5   3   5     300.000  200000.000      1.22227466      0.15743082       3497.64657129
Ni         3   5   5     300.000  200000.000      1.22227466      0.15743082       3497.64657129
Ni         3   1   7     300.000  200000.000      1.22227466      0.15743082       3497.64657129
Ni         1   3   7     300.000  200000.000      1.22227466      0.15743082       3497.64657129
Ni         0   0  -8     300.000  200000.000      1.09787586      0.14517531       3892.24574272
Ni         0  -8   0     300.000  200000.000      1.09787586      0.14517531       3892.24574272
Ni        -8   0   0     300.000  200000.000      1.09787586      0.14517531       3892.24574272
Ni         8   0   0     300.000  200000.000      1.09787586      0.14517531       3892.24574272
Ni         0   8   0     300.000  200000.000      1.09787586      0.14517531       3892.24574272
Ni         0   0   8     300.000  200000.000      1.09787586      0.14517531       3892.24574272
Ni        -3  -3  -7     300.000  200000.000      1.03236068      0.13833661       4138.29682552
Ni        -3  -7  -3     300.000  200000.000      1.03236068      0.13833661       4138.29682552
Ni        -7  -3  -3     300.000  200000.000      1.03236068      0.13833661       4138.29682552
Ni         7   3   3     300.000  200000.000      1.03236068      0.13833661       4138.29682552
Ni         3   7   3     300.000  200000.000      1.03236068      0.13833661       4138.29682552
Ni         3   3   7     300.000  200000.000      1.03236068      0.13833661       4138.29682552
Ni         0  -2  -8     300.000  200000.000      1.01183762      0.13613696       4221.93079139
Ni        -2   0  -8     300.000  200000.000      1.01183762      0.13613696       4221.93079139
Ni         2   0  -8     300.000  200000.000      1.01183762      0.13613696       4221.93079139
Ni         0   2  -8     300.000  200000.000      1.01183762      0.13613696       4221.93079139
Ni        -4  -4  -6     300.000  200000.000      1.01183762      0.13613696       4221.93079139
Ni         4  -4  -6     300.000  200000.000      1.01183762      0.13613696       4221.93079139
Ni        -4   4  -6     300.000  200000.000      1.01183762      0.13613696       4221.93079139
Ni         4   4  -6     300.000  200000.000      1.01183762      0.13613696       4221.93079139
Ni        -4  -6  -4     300.000  200000.000      1.01183762      0.13613696       4221.93079139
Ni         4  -6  -4     300.000  200000.000      1.01183762      0.13613696       4221.93079139
Ni        -6  -4  -4     300.000  200000.000      1.01183762      0.13613696       4221.93079139
Ni         6  -4  -4     300.000  200000.000      1.01183762      0.13613696       4221.93079139
Ni        -6   4  -4     300.000  200000.000      1.01183762      0.13613696       4221.93079139
Ni         6   4  -4     300.000  200000.000      1.01183762      0.13613696       4221.93079139
Ni        -4   6  -4     300.000  200000.000      1.01183762      0.13613696       4221.93079139
Ni         4   6  -4     300.000  200000.000      1.01183762      0.13613696       4221.93079139
Ni         0  -8  -2     300.000  200000.000      1.01183762      0.13613696       4221.93079139
Ni        -8   0  -2     300.000  200000.000      1.01183762      0.13613696       4221.93079139
Ni         8   0  -2     300.000  200000.000      1.01183762      0.13613696       4221.93079139
Ni         0   8  -2     300.000  200000.000      1.01183762      0.13613696       4221.93079139
Ni        -2  -8   0     300.000  200000.000      1.01183762      0.13613696       4221.93079139
Ni         2  -8   0     300.000  200000.000      1.01183762      0.13613696       4221.93079139
Ni        -8  -2   0     300.000  200000.000      1.01183762      0.13613696       4221.93079139
Ni         8  -2   0     300.000  200000.000      1.01183762      0.13613696       4221.93079139
Ni        -8   2   0     300.000  200000.000      1.01183762      0.13613696       4221.93079139
Ni         8   2   0     300.000  200000.000      1.01183762      0.13613696       4221.93079139
Ni        -2   8   0     300.000  200000.000      1.01183762      0.13613696       4221.93079139
Ni         2   8   0     300.000  200000.000      1.01183762      0.13613696       4221.93079139
Ni         0  -8   2     300.000  200000.000      1.01183762      0.13613696       4221.93079139
Ni        -8   0   2     300.000  200000.000      1.01183762      0.13613696       4221.93079139
Ni         8   0   2     300.000  200000.000      1.01183762      0.13613696       4221.93079139
Ni         0   8   2     300.000  200000.000      1.01183762      0.13613696       4221.93079139
Ni        -4  -6   4     300.000  200000.000      1.01183762      0.13613696       4221.93079139
Ni         4  -6   4     300.000  200000.000      1.01183762      0.13613696       4221.93079139
Ni        -6  -4   4     300.000  200000.000      1.01183762      0.13613696       4221.93079139
Ni         6  -4   4     300.000  200000.000      1.01183762      0.13613696       4221.93079139
Ni        -6   4   4     300.000  200000.000      1.01183762      0.13613696       4221.93079139
Ni         6   4   4     300.000  200000.000      1.01183762      0.13613696       4221.93079139
Ni        -4   6   4     300.000  200000.000      1.01183762      0.13613696       4221.93079139
Ni         4   6   4     300.000  200000.000      1.01183762      0.13613696       4221.93079139
Ni        -4  -4   6     300.000  200000.000      1.01183762      0.13613696       4221.93079139
Ni         4  -4   6     300.000  200000.000      1.01183762      0.13613696       4221.93079139
Ni        -4   4   6     300.000  200000.000      1.01183762      0.13613696       4221.93079139
Ni         4   4   6     300.000  200000.000      1.01183762      0.13613696       4221.93079139
Ni         0  -2   8     300.000  200000.000      1.01183762      0.13613696       4221.93079139
Ni        -2   0   8     300.000  200000.000      1.01183762      0.13613696       4221.93079139
Ni         2   0   8     300.000  200000.000      1.01183762      0.13613696       4221.93079139
Ni         0   2   8     300.000  200000.000      1.01183762      0.13613696       4221.93079139
Ni        -2  -2  -8     300.000  200000.000      0.93557012      0.12771454       4564.90752178
Ni         2  -2  -8     300.000  200000.000      0.93557012      0.12771454       4564.90752178
Ni        -2   2  -8     300.000  200000.000      0.93557012      0.12771454       4564.90752178
Ni         2   2  -8     300.000  200000.000      0.93557012      0.12771454       4564.90752178
Ni         0  -6  -6     300.000  200000.000      0.93557012      0.12771454       4564.90752178
Ni        -6   0  -6     300.000  200000.000      0.93557012      0.12771454       4564.90752178
Ni         6   0  -6     300.000  200000.000      0.93557012      0.12771454       4564.90752178
Ni         0   6  -6     300.000  200000.000      0.93557012      0.12771454       4564.90752178
Ni        -2  -8  -2     300.000  200000.000      0.93557012      0.12771454       4564.90752178
Ni         2  -8  -2     300.000  200000.000      0.93557012      0.12771454       4564.90752178
Ni        -8  -2  -2     300.000  200000.000      0.93557012      0.12771454       4564.90752178
Ni         8  -2  -2     300.000  200000.000      0.93557012      0.12771454       4564.90752178
Ni        -8   2  -2     300.000  200000.000      0.93557012      0.12771454       4564.90752178
Ni         8   2  -2     300.000  200000.000      0.93557012      0.12771454       4564.90752178
Ni        -2   8  -2     300.000  200000.000      0.93557012      0.12771454       4564.90752178
Ni         2   8  -2     300.000  200000.000      0.93557012      0.12771454       4564.90752178
Ni        -6  -6   0     300.000  200000.000      0.93557012      0.12771454       4564.90752178
Ni         6  -6   0     300.000  200000.000      0.93557012      0.12771454       4564.90752178
Ni        -6   6   0     300.000  200000.000      0.93557012      0.12771454       4564.90752178
Ni         6   6   0     300.000  200000.000      0.93557012      0.12771454       4564.90752178
Ni        -2  -8   2     300.000  200000.000      0.93557012      0.12771454       4564.90752178
Ni         2  -8   2     300.000  200000.000      0.93557012      0.12771454       4564.90752178
Ni        -8  -2   2     300.000  200000.000      0.93557012      0.12771454       4564.90752178
Ni         8  -2   2     300.000  200000.000      0.93557012      0.12771454       4564.90752178
Ni        -8   2   2     300.000  200000.000      0.93557012      0.12771454       4564.90752178
Ni         8   2   2     300.000  200000.000      0.93557012      0.12771454       4564.90752178
Ni        -2   8   2     300.000  200000.000      0.93557012      0.12771454       4564.90752178
Ni         2   8   2     300.000  200000.000      0.93557012      0.12771454       4564.90752178
Ni         0  -6   6     300.000  200000.000      0.93557012      0.12771454       4564.90752178
Ni        -6   0   6     300.000  200000.000      0.93557012      0.12771454       4564.90752178
Ni         6   0   6     300.000  200000.000      0.93557012      0.12771454       4564.90752178
Ni         0   6   6     300.000  200000.000      0.93557012      0.12771454       4564.90752178
Ni        -2  -2   8     300.000  200000.000      0.93557012      0.12771454       4564.90752178
Ni         2  -2   8     300.000  200000.000      0.93557012      0.12771454       4564.90752178
Ni        -2   2   8     300.000  200000.000      0.93557012      0.12771454       4564.90752178
Ni         2   2   8     300.000  200000.000      0.93557012      0.12771454       4564.90752178
Ni        -5  -5  -5     300.000  200000.000      0.88381193      0.12177017       4831.41462366
Ni         5   5   5     300.000  200000.000      0.88381193      0.12177017       4831.41462366
Ni        -1  -5  -7     300.000  200000.000      0.88381193      0.12177017       4831.41462366
Ni        -5  -1  -7     300.000  200000.000      0.88381193      0.12177017       4831.41462366
Ni        -1  -7  -5     300.000  200000.000      0.88381193      0.12177017       4831.41462366
Ni        -7  -1  -5     300.000  200000.000      0.88381193      0.12177017       4831.41462366
Ni        -5  -7  -1     300.000  200000.000      0.88381193      0.12177017       4831.41462366
Ni        -7  -5  -1     300.000  200000.000      0.88381193      0.12177017       4831.41462366
Ni         7   5   1     300.000  200000.000      0.88381193      0.12177017       4831.41462366
Ni         5   7   1     300.000  200000.000      0.88381193      0.12177017       4831.41462366
Ni         7   1   5     300.000  200000.000      0.88381193      0.12177017       4831.41462366
Ni         1   7   5     300.000  200000.000      0.88381193      0.12177017       4831.41462366
Ni         5   1   7     300.000  200000.000      0.88381193      0.12177017       4831.41462366
Ni         1   5   7     300.000  200000.000      0.88381193      0.12177017       4831.41462366
Ni        -2  -6  -6     300.000  200000.000      0.86748303      0.11985565       4922.10024613
Ni         2  -6  -6     300.000  200000.000      0.86748303      0.11985565       4922.10024613
Ni        -6  -2  -6     300.000  200000.000      0.86748303      0.11985565       4922.10024613
Ni         6  -2  -6     300.000  200000.000      0.86748303      0.11985565       4922.10024613
Ni        -6   2  -6     300.000  200000.000      0.86748303      0.11985565       4922.10024613
Ni         6   2  -6     300.000  200000.000      0.86748303      0.11985565       4922.10024613
Ni        -2   6  -6     300.000  200000.000      0.86748303      0.11985565       4922.10024613
Ni         2   6  -6     300.000  200000.000      0.86748303      0.11985565       4922.10024613
Ni        -6  -6  -2     300.000  200000.000      0.86748303      0.11985565       4922.10024613
Ni         6  -6  -2     300.000  200000.000      0.86748303      0.11985565       4922.10024613
Ni        -6   6  -2     300.000  200000.000      0.86748303      0.11985565       4922.10024613
Ni         6   6  -2     300.000  200000.000      0.86748303      0.11985565       4922.10024613
Ni        -6  -6   2     300.000  200000.000      0.86748303      0.11985565       4922.10024613
Ni         6  -6   2     300.000  200000.000      0.86748303      0.11985565       4922.10024613
Ni        -6   6   2     300.000  200000.000      0.86748303      0.11985565       4922.10024613
Ni         6   6   2     300.000  200000.000      0.86748303      0.11985565       4922.10024613
Ni        -2  -6   6     300.000  200000.000      0.86748303      0.11985565       4922.10024613
Ni         2  -6   6     300.000  200000.000      0.86748303      0.11985565       4922.10024613
Ni        -6  -2   6     300.000  200000.000      0.86748303      0.11985565       4922.10024613
Ni         6  -2   6     300.000  200000.000      0.86748303      0.11985565       4922.10024613
Ni        -6   2   6     300.000  200000.000      0.86748303      0.11985565       4922.10024613
Ni         6   2   6     300.000  200000.000      0.86748303      0.11985565       4922.10024613
Ni        -2   6   6     300.000  200000.000      0.86748303      0.11985565       4922.10024613
Ni         2   6   6     300.000  200000.000      0.86748303      0.11985565       4922.10024613
Ni         0  -4  -8     300.000  200000.000      0.80631007      0.11251383       5294.53596958
Ni        -4   0  -8     300.000  200000.000      0.80631007      0.11251383       5294.53596958
Ni         4   0  -8     300.000  200000.000      0.80631007      0.11251383       5294.53596958
Ni         0   4  -8     300.000  200000.000      0.80631007      0.11251383       5294.53596958
Ni         0  -8  -4     300.000  200000.000      0.80631007      0.11251383       5294.53596958
Ni        -8   0  -4     300.000  200000.000      0.80631007      0.11251383       5294.53596958
Ni         8   0  -4     300.000  200000.000      0.80631007      0.11251383       5294.53596958
Ni         0   8  -4     300.000  200000.000      0.80631007      0.11251383       5294.53596958
Ni        -4  -8   0     300.000  200000.000      0.80631007      0.11251383       5294.53596958
Ni         4  -8   0     300.000  200000.000      0.80631007      0.11251383       5294.53596958
Ni        -8  -4   0     300.000  200000.000      0.80631007      0.11251383       5294.53596958
Ni         8  -4   0     300.000  200000.000      0.80631007      0.11251383       5294.53596958
Ni        -8   4   0     300.000  200000.000      0.80631007      0.11251383       5294.53596958
Ni         8   4   0     300.000  200000.000      0.80631007      0.11251383       5294.53596958
Ni        -4   8   0     300.000  200000.000      0.80631007      0.11251383       5294.53596958
Ni         4   8   0     300.000  200000.000      0.80631007      0.11251383       5294.53596958
Ni         0  -8   4     300.000  200000.000      0.80631007      0.11251383       5294.53596958
Ni        -8   0   4     300.000  200000.000      0.80631007      0.11251383       5294.53596958
Ni         8   0   4     300.000  200000.000      0.80631007      0.11251383       5294.53596958
Ni         0   8   4     300.000  200000.000      0.80631007      0.11251383       5294.53596958
Ni         0  -4   8     300.000  200000.000      0.80631007      0.11251383       5294.53596958
Ni        -4   0   8     300.000  200000.000      0.80631007      0.11251383       5294.53596958
Ni         4   0   8     300.000  200000.000      0.80631007      0.11251383       5294.53596958
Ni         0   4   8     300.000  200000.000      0.80631007      0.11251383       5294.53596958
Ni        -1  -1  -9     300.000  200000.000      0.76434933      0.10732173       5584.52668098
Ni        -1  -9  -1     300.000  200000.000      0.76434933      0.10732173       5584.52668098
Ni        -9  -1  -1     300.000  200000.000      0.76434933      0.10732173       5584.52668098
Ni         9   1   1     300.000  200000.000      0.76434933      0.10732173       5584.52668098
Ni         1   9   1     300.000  200000.000      0.76434933      0.10732173       5584.52668098
Ni         1   1   9     300.000  200000.000      0.76434933      0.10732173       5584.52668098
Ni        -3  -5  -7     300.000  200000.000      0.76434933      0.10732173       5584.52668098
Ni        -5  -3  -7     300.000  200000.000      0.76434933      0.10732173       5584.52668098
Ni        -3  -7  -5     300.000  200000.000      0.76434933      0.10732173       5584.52668098
Ni        -7  -3  -5     300.000  200000.000      0.76434933      0.10732173       5584.52668098
Ni        -5  -7  -3     300.000  200000.000      0.76434933      0.10732173       5584.52668098
Ni        -7  -5  -3     300.000  200000.000      0.76434933      0.10732173       5584.52668098
Ni         7   5   3     300.000  200000.000      0.76434933      0.10732173       5584.52668098
Ni         5   7   3     300.000  200000.000      0.76434933      0.10732173       5584.52668098
Ni         7   3   5     300.000  200000.000      0.76434933      0.10732173       5584.52668098
Ni         3   7   5     300.000  200000.000      0.76434933      0.10732173       5584.52668098
Ni         5   3   7     300.000  200000.000      0.76434933      0.10732173       5584.52668098
Ni         3   5   7     300.000  200000.000      0.76434933      0.10732173       5584.52668098
Ni        -2  -4  -8     300.000  200000.000      0.75103616      0.10564769       5683.31660136
Ni         2  -4  -8     300.000  200000.000      0.75103616      0.10564769       5683.31660136
Ni        -4  -2  -8     300.000  200000.000      0.75103616      0.10564769       5683.31660136
Ni         4  -2  -8     300.000  200000.000      0.75103616      0.10564769       5683.31660136
Ni        -4   2  -8     300.000  200000.000      0.75103616      0.10564769       5683.31660136
Ni         4   2  -8     300.000  200000.000      0.75103616      0.10564769       5683.31660136
Ni        -2   4  -8     300.000  200000.000      0.75103616      0.10564769       5683.31660136
Ni         2   4  -8     300.000  200000.000      0.75103616      0.10564769       5683.31660136
Ni        -2  -8  -4     300.000  200000.000      0.75103616      0.10564769       5683.31660136
Ni         2  -8  -4     300.000  200000.000      0.75103616      0.10564769       5683.31660136
Ni        -8  -2  -4     300.000  200000.000      0.75103616      0.10564769       5683.31660136
Ni         8  -2  -4     300.000  200000.000      0.75103616      0.10564769       5683.31660136
Ni        -8   2  -4     300.000  200000.000      0.75103616      0.10564769       5683.31660136
Ni         8   2  -4     300.000  200000.000      0.75103616      0.10564769       5683.31660136
Ni        -2   8  -4     300.000  200000.000      0.75103616      0.10564769       5683.31660136
Ni         2   8  -4     300.000  200000.000      0.75103616      0.10564769       5683.31660136
Ni        -4  -8  -2     300.000  200000.000      0.75103616      0.10564769       5683.31660136
Ni         4  -8  -2     300.000  200000.000      0.75103616      0.10564769       5683.31660136
Ni        -8  -4  -2     300.000  200000.000      0.75103616      0.10564769       5683.31660136
Ni         8  -4  -2     300.000  200000.000      0.75103616      0.10564769       5683.31660136
Ni        -8   4  -2     300.000  200000.000      0.75103616      0.10564769       5683.31660136
Ni         8   4  -2     300.000  200000.000      0.75103616      0.10564769       5683.31660136
Ni        -4   8  -2     300.000  200000.000      0.75103616      0.10564769       5683.31660136
Ni         4   8  -2     300.000  200000.000      0.75103616      0.10564769       5683.31660136
Ni        -4  -8   2     300.000  200000.000      0.75103616      0.10564769       5683.31660136
Ni         4  -8   2     300.000  200000.000      0.75103616      0.10564769       5683.31660136
Ni        -8  -4   2     300.000  200000.000      0.75103616      0.10564769       5683.31660136
Ni         8  -4   2     300.000  200000.000      0.75103616      0.10564769       5683.31660136
Ni        -8   4   2     300.000  200000.000      0.75103616      0.10564769       5683.31660136
Ni         8   4   2     300.000  200000.000      0.75103616      0.10564769       5683.31660136
Ni        -4   8   2     300.000  200000.000      0.75103616      0.10564769       5683.31660136
Ni         4   8   2     300.000  200000.000      0.75103616      0.10564769       5683.31660136
Ni        -2  -8   4     300.000  200000.000      0.75103616      0.10564769       5683.31660136
Ni         2  -8   4     300.000  200000.000      0.75103616      0.10564769       5683.31660136
Ni        -8  -2   4     300.000  200000.000      0.75103616      0.10564769       5683.31660136
Ni         8  -2   4     300.000  200000.000      0.75103616      0.10564769       5683.31660136
Ni        -8   2   4     300.000  200000.000      0.75103616      0.10564769       5683.31660136
Ni         8   2   4     300.000  200000.000      0.75103616      0.10564769       5683.31660136
Ni        -2   8   4     300.000  200000.000      0.75103616      0.10564769       5683.31660136
Ni         2   8   4     300.000  200000.000      0.75103616      0.10564769       5683.31660136
Ni        -2  -4   8     300.000  200000.000      0.75103616      0.10564769       5683.31660136
Ni         2  -4   8     300.000  200000.000      0.75103616      0.10564769       5683.31660136
Ni        -4  -2   8     300.000  200000.000      0.75103616      0.10564769       5683.31660136
Ni         4  -2   8     300.000  200000.000      0.75103616      0.10564769       5683.31660136
Ni        -4   2   8     300.000  200000.000      0.75103616      0.10564769       5683.31660136
Ni         4   2   8     300.000  200000.000      0.75103616      0.10564769       5683.31660136
Ni        -2   4   8     300.000  200000.000      0.75103616      0.10564769       5683.31660136
Ni         2   4   8     300.000  200000.000      0.75103616      0.10564769       5683.31660136
Ni        -4  -6  -6     300.000  200000.000      0.70084154      0.09922015       6089.59708778
Ni         4  -6  -6     300.000  200000.000      0.70084154      0.09922015       6089.59708778
Ni        -6  -4  -6     300.000  200000.000      0.70084154      0.09922015       6089.59708778
Ni         6  -4  -6     300.000  200000.000      0.70084154      0.09922015       6089.59708778
Ni        -6   4  -6     300.000  200000.000      0.70084154      0.09922015       6089.59708778
Ni         6   4  -6     300.000  200000.000      0.70084154      0.09922015       6089.59708778
Ni        -4   6  -6     300.000  200000.000      0.70084154      0.09922015       6089.59708778
Ni         4   6  -6     300.000  200000.000      0.70084154      0.09922015       6089.59708778
Ni        -6  -6  -4     300.000  200000.000      0.70084154      0.09922015       6089.59708778
Ni         6  -6  -4     300.000  200000.000      0.70084154      0.09922015       6089.59708778
Ni        -6   6  -4     300.000  200000.000      0.70084154      0.09922015       6089.59708778
Ni         6   6  -4     300.000  200000.000      0.70084154      0.09922015       6089.59708778
Ni        -6  -6   4     300.000  200000.000      0.70084154      0.09922015       6089.59708778
Ni         6  -6   4     300.000  200000.000      0.70084154      0.09922015       6089.59708778
Ni        -6   6   4     300.000  200000.000      0.70084154      0.09922015       6089.59708778
Ni         6   6   4     300.000  200000.000      0.70084154      0.09922015       6089.59708778
Ni        -4  -6   6     300.000  200000.000      0.70084154      0.09922015       6089.59708778
Ni         4  -6   6     300.000  200000.000      0.70084154      0.09922015       6089.59708778
Ni        -6  -4   6     300.000  200000.000      0.70084154      0.09922015       6089.59708778
Ni         6  -4   6     300.000  200000.000      0.70084154      0.09922015       6089.59708778
Ni        -6   4   6     300.000  200000.000      0.70084154      0.09922015       6089.59708778
Ni         6   4   6     300.000  200000.000      0.70084154      0.09922015       6089.59708778
Ni        -4   6   6     300.000  200000.000      0.70084154      0.09922015       6089.59708778
Ni         4   6   6     300.000  200000.000      0.70084154      0.09922015       6089.59708778
Ni        -1  -3  -9     300.000  200000.000      0.66612268      0.09466714       6406.50747344
Ni        -3  -1  -9     300.000  200000.000      0.66612268      0.09466714       6406.50747344
Ni        -1  -9  -3     300.000  200000.000      0.66612268      0.09466714       6406.50747344
Ni        -9  -1  -3     300.000  200000.000      0.66612268      0.09466714       6406.50747344
Ni        -3  -9  -1     300.000  200000.000      0.66612268      0.09466714       6406.50747344
Ni        -9  -3  -1     300.000  200000.000      0.66612268      0.09466714       6406.50747344
Ni         9   3   1     300.000  200000.000      0.66612268      0.09466714       6406.50747344
Ni         3   9   1     300.000  200000.000      0.66612268      0.09466714       6406.50747344
Ni         9   1   3     300.000  200000.000      0.66612268      0.09466714       6406.50747344
Ni         1   9   3     300.000  200000.000      0.66612268      0.09466714       6406.50747344
Ni         3   1   9     300.000  200000.000      0.66612268      0.09466714       6406.50747344
Ni         1   3   9     300.000  200000.000      0.66612268      0.09466714       6406.50747344
Ni        -4  -4  -8     300.000  200000.000      0.61314033      0.08755069       6959.44819953
Ni         4  -4  -8     300.000  200000.000      0.61314033      0.08755069       6959.44819953
Ni        -4   4  -8     300.000  200000.000      0.61314033      0.08755069       6959.44819953
Ni         4   4  -8     300.000  200000.000      0.61314033      0.08755069       6959.44819953
Ni        -4  -8  -4     300.000  200000.000      0.61314033      0.08755069       6959.44819953
Ni         4  -8  -4     300.000  200000.000      0.61314033      0.08755069       6959.44819953
Ni        -8  -4  -4     300.000  200000.000      0.61314033      0.08755069       6959.44819953
Ni         8  -4  -4     300.000  200000.000      0.61314033      0.08755069       6959.44819953
Ni        -8   4  -4     300.000  200000.000      0.61314033      0.08755069       6959.44819953
Ni         8   4  -4     300.000  200000.000      0.61314033      0.08755069       6959.44819953
Ni        -4   8  -4     300.000  200000.000      0.61314033      0.08755069       6959.44819953
Ni         4   8  -4     300.000  200000.000      0.61314033      0.08755069       6959.44819953
Ni        -4  -8   4     300.000  200000.000      0.61314033      0.08755069       6959.44819953
Ni         4  -8   4     300.000  200000.000      0.61314033      0.08755069       6959.44819953
Ni        -8  -4   4     300.000  200000.000      0.61314033      0.08755069       6959.44819953
Ni         8  -4   4     300.000  200000.000      0.61314033      0.08755069       6959.44819953
Ni        -8   4   4     300.000  200000.000      0.61314033      0.08755069       6959.44819953
Ni         8   4   4     300.000  200000.000      0.61314033      0.08755069       6959.44819953
Ni        -4   8   4     300.000  200000.000      0.61314033      0.08755069       6959.44819953
Ni         4   8   4     300.000  200000.000      0.61314033      0.08755069       6959.44819953
Ni        -4  -4   8     300.000  200000.000      0.61314033      0.08755069       6959.44819953
Ni         4  -4   8     300.000  200000.000      0.61314033      0.08755069       6959.44819953
Ni        -4   4   8     300.000  200000.000      0.61314033      0.08755069       6959.44819953
Ni         4   4   8     300.000  200000.000      0.61314033      0.08755069       6959.44819953
Ni        -3  -3  -9     300.000  200000.000      0.58396123      0.08354497       7306.91289676
Ni        -3  -9  -3     300.000  200000.000      0.58396123      0.08354497       7306.91289676
Ni        -9  -3  -3     300.000  200000.000      0.58396123      0.08354497       7306.91289676
Ni         9   3   3     300.000  200000.000      0.58396123      0.08354497       7306.91289676
Ni         3   9   3     300.000  200000.000      0.58396123      0.08354497       7306.91289676
Ni         3   3   9     300.000  200000.000      0.58396123      0.08354497       7306.91289676
Ni        -1  -7  -7     300.000  200000.000      0.58396123      0.08354497       7306.91289676
Ni        -5  -5  -7     300.000  200000.000      0.58396123      0.08354497       7306.91289676
Ni        -7  -1  -7     300.000  200000.000      0.58396123      0.08354497       7306.91289676
Ni        -5  -7  -5     300.000  200000.000      0.58396123      0.08354497       7306.91289676
Ni        -7  -5  -5     300.000  200000.000      0.58396123      0.08354497       7306.91289676
Ni        -7  -7  -1     300.000  200000.000      0.58396123      0.08354497       7306.91289676
Ni         7   7   1     300.000  200000.000      0.58396123      0.08354497       7306.91289676
Ni         7   5   5     300.000  200000.000      0.58396123      0.08354497       7306.91289676
Ni         5   7   5     300.000  200000.000      0.58396123      0.08354497       7306.91289676
Ni         7   1   7     300.000  200000.000      0.58396123      0.08354497       7306.91289676
Ni         5   5   7     300.000  200000.000      0.58396123      0.08354497       7306.91289676
Ni         1   7   7     300.000  200000.000      0.58396123      0.08354497       7306.91289676
Ni         0   0 -10     300.000  200000.000      0.57463198      0.08225134       7425.46742799
Ni         0  -6  -8     300.000  200000.000      0.57463198      0.08225134       7425.46742799
Ni        -6   0  -8     300.000  200000.000      0.57463198      0.08225134       7425.46742799
Ni         6   0  -8     300.000  200000.000      0.57463198      0.08225134       7425.46742799
Ni         0   6  -8     300.000  200000.000      0.57463198      0.08225134       7425.46742799
Ni         0  -8  -6     300.000  200000.000      0.57463198      0.08225134       7425.46742799
Ni        -8   0  -6     300.000  200000.000      0.57463198      0.08225134       7425.46742799
Ni         8   0  -6     300.000  200000.000      0.57463198      0.08225134       7425.46742799
Ni         0   8  -6     300.000  200000.000      0.57463198      0.08225134       7425.46742799
Ni         0 -10   0     300.000  200000.000      0.57463198      0.08225134       7425.46742799
Ni        -6  -8   0     300.000  200000.000      0.57463198      0.08225134       7425.46742799
Ni         6  -8   0     300.000  200000.000      0.57463198      0.08225134       7425.46742799
Ni        -8  -6   0     300.000  200000.000      0.57463198      0.08225134       7425.46742799
Ni         8  -6   0     300.000  200000.000      0.57463198      0.08225134       7425.46742799
Ni       -10   0   0     300.000  200000.000      0.57463198      0.08225134       7425.46742799
Ni        10   0   0     300.000  200000.000      0.57463198      0.08225134       7425.46742799
Ni        -8   6   0     300.000  200000.000      0.57463198      0.08225134       7425.46742799
Ni         8   6   0     300.000  200000.000      0.57463198      0.08225134       7425.46742799
Ni        -6   8   0     300.000  200000.000      0.57463198      0.08225134       7425.46742799
Ni         6   8   0     300.000  200000.000      0.57463198      0.08225134       7425.46742799
Ni         0  10   0     300.000  200000.000      0.57463198      0.08225134       7425.46742799
Ni         0  -8   6     300.000  200000.000      0.57463198      0.08225134       7425.46742799
Ni        -8   0   6     300.000  200000.000      0.57463198      0.08225134       7425.46742799
Ni         8   0   6     300.000  200000.000      0.57463198      0.08225134       7425.46742799
Ni         0   8   6     300.000  200000.000      0.57463198      0.08225134       7425.46742799
Ni         0  -6   8     300.000  200000.000      0.57463198      0.08225134       7425.46742799
Ni        -6   0   8     300.000  200000.000      0.57463198      0.08225134       7425.46742799
Ni         6   0   8     300.000  200000.000      0.57463198      0.08225134       7425.46742799
Ni         0   6   8     300.000  200000.000      0.57463198      0.08225134       7425.46742799
Ni         0   0  10     300.000  200000.000      0.57463198      0.08225134       7425.46742799
