# test_Lib_CrystalStructureFactor v.0.0.1
 element           g       T (K)       V (V)         Re(U_g)         Im(U_g)                xi_g
Pb         0   0   0     300.000  200000.000     19.85540835      2.26790343        215.68707157
Pb        -1  -1  -1     300.000  200000.000     11.99677879      2.02242943        354.29726088
Pb         1   1   1     300.000  200000.000     11.99677879      2.02242943        354.29726088
Pb         0   0  -2     300.000  200000.000     10.68229786      1.95058099        396.94540097
Pb         0  -2   0     300.000  200000.000     10.68229786      1.95058099        396.94540097
Pb        -2   0   0     300.000  200000.000     10.68229786      1.95058099        396.94540097
Pb         2   0   0     300.000  200000.000     10.68229786      1.95058099        396.94540097
Pb         0   2   0     300.000  200000.000     10.68229786      1.95058099        396.94540097
Pb         0   0   2     300.000  200000.000     10.68229786      1.95058099        396.94540097
Pb         0  -2  -2     300.000  200000.000      7.46907289      1.69911519        562.72292219
Pb        -2   0  -2     300.000  200000.000      7.46907289      1.69911519        562.72292219
Pb         2   0  -2     300.000  200000.000      7.46907289      1.69911519        562.72292219
Pb         0   2  -2     300.000  200000.000      7.46907289      1.69911519        562.72292219
Pb        -2  -2   0     300.000  200000.000      7.46907289      1.69911519        562.72292219
Pb         2  -2   0     300.000  200000.000      7.46907289      1.69911519        562.72292219
Pb        -2   2   0     300.000  200000.000      7.46907289      1.69911519        562.72292219
Pb         2   2   0     300.000  200000.000      7.46907289      1.69911519        562.72292219
Pb         0  -2   2     300.000  200000.000      7.46907289      1.69911519        562.72292219
Pb        -2   0   2     300.000  200000.000      7.46907289      1.69911519        562.72292219
Pb         2   0   2     300.000  200000.000      7.46907289      1.69911519        562.72292219
Pb         0   2   2     300.000  200000.000      7.46907289      1.69911519        562.72292219
Pb        -1  -1  -3     300.000  200000.000      6.02787105      1.53914181        692.84906735
Pb        -1  -3  -1     300.000  200000.000      6.02787105      1.53914181        692.84906735
Pb        -3  -1  -1     300.000  200000.000      6.02787105      1.53914181        692.84906735
Pb         3   1   1     300.000  200000.000      6.02787105      1.53914181        692.84906735
Pb         1   3   1     300.000  200000.000      6.02787105      1.53914181        692.84906735
Pb         1   1   3     300.000  200000.000      6.02787105      1.53914181        692.84906735
Pb        -2  -2  -2     300.000  200000.000      5.64545876      1.49007629        738.23452499
Pb         2  -2  -2     300.000  200000.000      5.64545876      1.49007629        738.23452499
Pb        -2   2  -2     300.000  200000.000      5.64545876      1.49007629        738.23452499
Pb         2   2  -2     300.000  200000.000      5.64545876      1.49007629        738.23452499
Pb        -2  -2   2     300.000  200000.000      5.64545876      1.49007629        738.23452499
Pb         2  -2   2     300.000  200000.000      5.64545876      1.49007629        738.23452499
Pb        -2   2   2     300.000  200000.000      5.64545876      1.49007629        738.23452499
Pb         2   2   2     300.000  200000.000      5.64545876      1.49007629        738.23452499
Pb         0   0  -4     300.000  200000.000      4.43994138      1.31134875        931.06289005
Pb         0  -4   0     300.000  200000.000      4.43994138      1.31134875        931.06289005
Pb        -4   0   0     300.000  200000.000      4.43994138      1.31134875        931.06289005
Pb         4   0   0     300.000  200000.000      4.43994138      1.31134875        931.06289005
Pb         0   4   0     300.000  200000.000      4.43994138      1.31134875        931.06289005
Pb         0   0   4     300.000  200000.000      4.43994138      1.31134875        931.06289005
Pb        -1  -3  -3     300.000  200000.000      3.77640148      1.19297452       1088.38790495
Pb        -3  -1  -3     300.000  200000.000      3.77640148      1.19297452       1088.38790495
Pb        -3  -3  -1     300.000  200000.000      3.77640148      1.19297452       1088.38790495
Pb         3   3   1     300.000  200000.000      3.77640148      1.19297452       1088.38790495
Pb         3   1   3     300.000  200000.000      3.77640148      1.19297452       1088.38790495
Pb         1   3   3     300.000  200000.000      3.77640148      1.19297452       1088.38790495
Pb         0  -2  -4     300.000  200000.000      3.58798666      1.15610143       1143.45013088
Pb        -2   0  -4     300.000  200000.000      3.58798666      1.15610143       1143.45013088
Pb         2   0  -4     300.000  200000.000      3.58798666      1.15610143       1143.45013088
Pb         0   2  -4     300.000  200000.000      3.58798666      1.15610143       1143.45013088
Pb         0  -4  -2     300.000  200000.000      3.58798666      1.15610143       1143.45013088
Pb        -4   0  -2     300.000  200000.000      3.58798666      1.15610143       1143.45013088
Pb         4   0  -2     300.000  200000.000      3.58798666      1.15610143       1143.45013088
Pb         0   4  -2     300.000  200000.000      3.58798666      1.15610143       1143.45013088
Pb        -2  -4   0     300.000  200000.000      3.58798666      1.15610143       1143.45013088
Pb         2  -4   0     300.000  200000.000      3.58798666      1.15610143       1143.45013088
Pb        -4  -2   0     300.000  200000.000      3.58798666      1.15610143       1143.45013088
Pb         4  -2   0     300.000  200000.000      3.58798666      1.15610143       1143.45013088
Pb        -4   2   0     300.000  200000.000      3.58798666      1.15610143       1143.45013088
Pb         4   2   0     300.000  200000.000      3.58798666      1.15610143       1143.45013088
Pb        -2   4   0     300.000  200000.000      3.58798666      1.15610143       1143.45013088
Pb         2   4   0     300.000  200000.000      3.58798666      1.15610143       1143.45013088
Pb         0  -4   2     300.000  200000.000      3.58798666      1.15610143       1143.45013088
Pb        -4   0   2     300.000  200000.000      3.58798666      1.15610143       1143.45013088
Pb         4   0   2     300.000  200000.000      3.58798666      1.15610143       1143.45013088
Pb         0   4   2     300.000  200000.000      3.58798666      1.15610143       1143.45013088
Pb         0  -2   4     300.000  200000.000      3.58798666      1.15610143       1143.45013088
Pb        -2   0   4     300.000  200000.000      3.58798666      1.15610143       1143.45013088
Pb         2   0   4     300.000  200000.000      3.58798666      1.15610143       1143.45013088
Pb         0   2   4     300.000  200000.000      3.58798666      1.15610143       1143.45013088
Pb        -2  -2  -4     300.000  200000.000      2.95652829      1.02005955       1378.20265633
Pb         2  -2  -4     300.000  200000.000      2.95652829      1.02005955       1378.20265633
Pb        -2   2  -4     300.000  200000.000      2.95652829      1.02005955       1378.20265633
Pb         2   2  -4     300.000  200000.000      2.95652829      1.02005955       1378.20265633
Pb        -2  -4  -2     300.000  200000.000      2.95652829      1.02005955       1378.20265633
Pb         2  -4  -2     300.000  200000.000      2.95652829      1.02005955       1378.20265633
Pb        -4  -2  -2     300.000  200000.000      2.95652829      1.02005955       1378.20265633
Pb         4  -2  -2     300.000  200000.000      2.95652829      1.02005955       1378.20265633
Pb        -4   2  -2     300.000  200000.000      2.95652829      1.02005955       1378.20265633
Pb         4   2  -2     300.000  200000.000      2.95652829      1.02005955       1378.20265633
Pb        -2   4  -2     300.000  200000.000      2.95652829      1.02005955       1378.20265633
Pb         2   4  -2     300.000  200000.000      2.95652829      1.02005955       1378.20265633
Pb        -2  -4   2     300.000  200000.000      2.95652829      1.02005955       1378.20265633
Pb         2  -4   2     300.000  200000.000      2.95652829      1.02005955       1378.20265633
Pb        -4  -2   2     300.000  200000.000      2.95652829      1.02005955       1378.20265633
Pb         4  -2   2     300.000  200000.000      2.95652829      1.02005955       1378.20265633
Pb        -4   2   2     300.000  200000.000      2.95652829      1.02005955       1378.20265633
Pb         4   2   2     300.000  200000.000      2.95652829      1.02005955       1378.20265633
Pb        -2   4   2     300.000  200000.000      2.95652829      1.02005955       1378.20265633
Pb         2   4   2     300.000  200000.000      2.95652829      1.02005955       1378.20265633
Pb        -2  -2   4     300.000  200000.000      2.95652829      1.02005955       1378.20265633
Pb         2  -2   4     300.000  200000.000      2.95652829      1.02005955       1378.20265633
Pb        -2   2   4     300.000  200000.000      2.95652829      1.02005955       1378.20265633
Pb         2   2   4     300.000  200000.000      2.95652829      1.02005955       1378.20265633
Pb        -1  -1  -5     300.000  200000.000      2.58118952      0.92881634       1571.29402358
Pb        -3  -3  -3     300.000  200000.000      2.58118952      0.92881634       1571.29402358
Pb        -1  -5  -1     300.000  200000.000      2.58118952      0.92881634       1571.29402358
Pb        -5  -1  -1     300.000  200000.000      2.58118952      0.92881634       1571.29402358
Pb         5   1   1     300.000  200000.000      2.58118952      0.92881634       1571.29402358
Pb         1   5   1     300.000  200000.000      2.58118952      0.92881634       1571.29402358
Pb         3   3   3     300.000  200000.000      2.58118952      0.92881634       1571.29402358
Pb         1   1   5     300.000  200000.000      2.58118952      0.92881634       1571.29402358
Pb         0  -4  -4     300.000  200000.000      2.08548476      0.79444945       1931.45968073
Pb        -4   0  -4     300.000  200000.000      2.08548476      0.79444945       1931.45968073
Pb         4   0  -4     300.000  200000.000      2.08548476      0.79444945       1931.45968073
Pb         0   4  -4     300.000  200000.000      2.08548476      0.79444945       1931.45968073
Pb        -4  -4   0     300.000  200000.000      2.08548476      0.79444945       1931.45968073
Pb         4  -4   0     300.000  200000.000      2.08548476      0.79444945       1931.45968073
Pb        -4   4   0     300.000  200000.000      2.08548476      0.79444945       1931.45968073
Pb         4   4   0     300.000  200000.000      2.08548476      0.79444945       1931.45968073
Pb         0  -4   4     300.000  200000.000      2.08548476      0.79444945       1931.45968073
Pb        -4   0   4     300.000  200000.000      2.08548476      0.79444945       1931.45968073
Pb         4   0   4     300.000  200000.000      2.08548476      0.79444945       1931.45968073
Pb         0   4   4     300.000  200000.000      2.08548476      0.79444945       1931.45968073
Pb        -1  -3  -5     300.000  200000.000      1.84594157      0.72318590       2174.17158481
Pb        -3  -1  -5     300.000  200000.000      1.84594157      0.72318590       2174.17158481
Pb        -1  -5  -3     300.000  200000.000      1.84594157      0.72318590       2174.17158481
Pb        -5  -1  -3     300.000  200000.000      1.84594157      0.72318590       2174.17158481
Pb        -3  -5  -1     300.000  200000.000      1.84594157      0.72318590       2174.17158481
Pb        -5  -3  -1     300.000  200000.000      1.84594157      0.72318590       2174.17158481
Pb         5   3   1     300.000  200000.000      1.84594157      0.72318590       2174.17158481
Pb         3   5   1     300.000  200000.000      1.84594157      0.72318590       2174.17158481
Pb         5   1   3     300.000  200000.000      1.84594157      0.72318590       2174.17158481
Pb         1   5   3     300.000  200000.000      1.84594157      0.72318590       2174.17158481
Pb         3   1   5     300.000  200000.000      1.84594157      0.72318590       2174.17158481
Pb         1   3   5     300.000  200000.000      1.84594157      0.72318590       2174.17158481
Pb         0   0  -6     300.000  200000.000      1.77379373      0.70084134       2260.03283726
Pb        -2  -4  -4     300.000  200000.000      1.77379373      0.70084134       2260.03283726
Pb         2  -4  -4     300.000  200000.000      1.77379373      0.70084134       2260.03283726
Pb        -4  -2  -4     300.000  200000.000      1.77379373      0.70084134       2260.03283726
Pb         4  -2  -4     300.000  200000.000      1.77379373      0.70084134       2260.03283726
Pb        -4   2  -4     300.000  200000.000      1.77379373      0.70084134       2260.03283726
Pb         4   2  -4     300.000  200000.000      1.77379373      0.70084134       2260.03283726
Pb        -2   4  -4     300.000  200000.000      1.77379373      0.70084134       2260.03283726
Pb         2   4  -4     300.000  200000.000      1.77379373      0.70084134       2260.03283726
Pb        -4  -4  -2     300.000  200000.000      1.77379373      0.70084134       2260.03283726
Pb         4  -4  -2     300.000  200000.000      1.77379373      0.70084134       2260.03283726
Pb        -4   4  -2     300.000  200000.000      1.77379373      0.70084134       2260.03283726
Pb         4   4  -2     300.000  200000.000      1.77379373      0.70084134       2260.03283726
Pb         0  -6   0     300.000  200000.000      1.77379373      0.70084134       2260.03283726
Pb        -6   0   0     300.000  200000.000      1.77379373      0.70084134       2260.03283726
Pb         6   0   0     300.000  200000.000      1.77379373      0.70084134       2260.03283726
Pb         0   6   0     300.000  200000.000      1.77379373      0.70084134       2260.03283726
Pb        -4  -4   2     300.000  200000.000      1.77379373      0.70084134       2260.03283726
Pb         4  -4   2     300.000  200000.000      1.77379373      0.70084134       2260.03283726
Pb        -4   4   2     300.000  200000.000      1.77379373      0.70084134       2260.03283726
Pb         4   4   2     300.000  200000.000      1.77379373      0.70084134       2260.03283726
Pb        -2  -4   4     300.000  200000.000      1.77379373      0.70084134       2260.03283726
Pb         2  -4   4     300.000  200000.000      1.77379373      0.70084134       2260.03283726
Pb        -4  -2   4     300.000  200000.000      1.77379373      0.70084134       2260.03283726
Pb         4  -2   4     300.000  200000.000      1.77379373      0.70084134       2260.03283726
Pb        -4   2   4     300.000  200000.000      1.77379373      0.70084134       2260.03283726
Pb         4   2   4     300.000  200000.000      1.77379373      0.70084134       2260.03283726
Pb        -2   4   4     300.000  200000.000      1.77379373      0.70084134       2260.03283726
Pb         2   4   4     300.000  200000.000      1.77379373      0.70084134       2260.03283726
Pb         0   0   6     300.000  200000.000      1.77379373      0.70084134       2260.03283726
Pb         0  -2  -6     300.000  200000.000      1.51749483      0.61793424       2630.72302434
Pb        -2   0  -6     300.000  200000.000      1.51749483      0.61793424       2630.72302434
Pb         2   0  -6     300.000  200000.000      1.51749483      0.61793424       2630.72302434
Pb         0   2  -6     300.000  200000.000      1.51749483      0.61793424       2630.72302434
Pb         0  -6  -2     300.000  200000.000      1.51749483      0.61793424       2630.72302434
Pb        -6   0  -2     300.000  200000.000      1.51749483      0.61793424       2630.72302434
Pb         6   0  -2     300.000  200000.000      1.51749483      0.61793424       2630.72302434
Pb         0   6  -2     300.000  200000.000      1.51749483      0.61793424       2630.72302434
Pb        -2  -6   0     300.000  200000.000      1.51749483      0.61793424       2630.72302434
Pb         2  -6   0     300.000  200000.000      1.51749483      0.61793424       2630.72302434
Pb        -6  -2   0     300.000  200000.000      1.51749483      0.61793424       2630.72302434
Pb         6  -2   0     300.000  200000.000      1.51749483      0.61793424       2630.72302434
Pb        -6   2   0     300.000  200000.000      1.51749483      0.61793424       2630.72302434
Pb         6   2   0     300.000  200000.000      1.51749483      0.61793424       2630.72302434
Pb        -2   6   0     300.000  200000.000      1.51749483      0.61793424       2630.72302434
Pb         2   6   0     300.000  200000.000      1.51749483      0.61793424       2630.72302434
Pb         0  -6   2     300.000  200000.000      1.51749483      0.61793424       2630.72302434
Pb        -6   0   2     300.000  200000.000      1.51749483      0.61793424       2630.72302434
Pb         6   0   2     300.000  200000.000      1.51749483      0.61793424       2630.72302434
Pb         0   6   2     300.000  200000.000      1.51749483      0.61793424       2630.72302434
Pb         0  -2   6     300.000  200000.000      1.51749483      0.61793424       2630.72302434
Pb        -2   0   6     300.000  200000.000      1.51749483      0.61793424       2630.72302434
Pb         2   0   6     300.000  200000.000      1.51749483      0.61793424       2630.72302434
Pb         0   2   6     300.000  200000.000      1.51749483      0.61793424       2630.72302434
Pb        -3  -3  -5     300.000  200000.000      1.35409561      0.56200206       2940.06440957
Pb        -3  -5  -3     300.000  200000.000      1.35409561      0.56200206       2940.06440957
Pb        -5  -3  -3     300.000  200000.000      1.35409561      0.56200206       2940.06440957
Pb         5   3   3     300.000  200000.000      1.35409561      0.56200206       2940.06440957
Pb         3   5   3     300.000  200000.000      1.35409561      0.56200206       2940.06440957
Pb         3   3   5     300.000  200000.000      1.35409561      0.56200206       2940.06440957
Pb        -2  -2  -6     300.000  200000.000      1.30431905      0.54445229       3049.68535077
Pb         2  -2  -6     300.000  200000.000      1.30431905      0.54445229       3049.68535077
Pb        -2   2  -6     300.000  200000.000      1.30431905      0.54445229       3049.68535077
Pb         2   2  -6     300.000  200000.000      1.30431905      0.54445229       3049.68535077
Pb        -2  -6  -2     300.000  200000.000      1.30431905      0.54445229       3049.68535077
Pb         2  -6  -2     300.000  200000.000      1.30431905      0.54445229       3049.68535077
Pb        -6  -2  -2     300.000  200000.000      1.30431905      0.54445229       3049.68535077
Pb         6  -2  -2     300.000  200000.000      1.30431905      0.54445229       3049.68535077
Pb        -6   2  -2     300.000  200000.000      1.30431905      0.54445229       3049.68535077
Pb         6   2  -2     300.000  200000.000      1.30431905      0.54445229       3049.68535077
Pb        -2   6  -2     300.000  200000.000      1.30431905      0.54445229       3049.68535077
Pb         2   6  -2     300.000  200000.000      1.30431905      0.54445229       3049.68535077
Pb        -2  -6   2     300.000  200000.000      1.30431905      0.54445229       3049.68535077
Pb         2  -6   2     300.000  200000.000      1.30431905      0.54445229       3049.68535077
Pb        -6  -2   2     300.000  200000.000      1.30431905      0.54445229       3049.68535077
Pb         6  -2   2     300.000  200000.000      1.30431905      0.54445229       3049.68535077
Pb        -6   2   2     300.000  200000.000      1.30431905      0.54445229       3049.68535077
Pb         6   2   2     300.000  200000.000      1.30431905      0.54445229       3049.68535077
Pb        -2   6   2     300.000  200000.000      1.30431905      0.54445229       3049.68535077
Pb         2   6   2     300.000  200000.000      1.30431905      0.54445229       3049.68535077
Pb        -2  -2   6     300.000  200000.000      1.30431905      0.54445229       3049.68535077
Pb         2  -2   6     300.000  200000.000      1.30431905      0.54445229       3049.68535077
Pb        -2   2   6     300.000  200000.000      1.30431905      0.54445229       3049.68535077
Pb         2   2   6     300.000  200000.000      1.30431905      0.54445229       3049.68535077
Pb        -4  -4  -4     300.000  200000.000      1.12549511      0.47929389       3523.58523566
Pb         4  -4  -4     300.000  200000.000      1.12549511      0.47929389       3523.58523566
Pb        -4   4  -4     300.000  200000.000      1.12549511      0.47929389       3523.58523566
Pb         4   4  -4     300.000  200000.000      1.12549511      0.47929389       3523.58523566
Pb        -4  -4   4     300.000  200000.000      1.12549511      0.47929389       3523.58523566
Pb         4  -4   4     300.000  200000.000      1.12549511      0.47929389       3523.58523566
Pb        -4   4   4     300.000  200000.000      1.12549511      0.47929389       3523.58523566
Pb         4   4   4     300.000  200000.000      1.12549511      0.47929389       3523.58523566
Pb        -1  -1  -7     300.000  200000.000      1.00993570      0.43530584       3919.41836614
Pb        -1  -5  -5     300.000  200000.000      1.00993570      0.43530584       3919.41836614
Pb        -5  -1  -5     300.000  200000.000      1.00993570      0.43530584       3919.41836614
Pb        -1  -7  -1     300.000  200000.000      1.00993570      0.43530584       3919.41836614
Pb        -5  -5  -1     300.000  200000.000      1.00993570      0.43530584       3919.41836614
Pb        -7  -1  -1     300.000  200000.000      1.00993570      0.43530584       3919.41836614
Pb         7   1   1     300.000  200000.000      1.00993570      0.43530584       3919.41836614
Pb         5   5   1     300.000  200000.000      1.00993570      0.43530584       3919.41836614
Pb         1   7   1     300.000  200000.000      1.00993570      0.43530584       3919.41836614
Pb         5   1   5     300.000  200000.000      1.00993570      0.43530584       3919.41836614
Pb         1   5   5     300.000  200000.000      1.00993570      0.43530584       3919.41836614
Pb         1   1   7     300.000  200000.000      1.00993570      0.43530584       3919.41836614
Pb         0  -4  -6     300.000  200000.000      0.97450189      0.42150004       4059.70740809
Pb        -4   0  -6     300.000  200000.000      0.97450189      0.42150004       4059.70740809
Pb         4   0  -6     300.000  200000.000      0.97450189      0.42150004       4059.70740809
Pb         0   4  -6     300.000  200000.000      0.97450189      0.42150004       4059.70740809
Pb         0  -6  -4     300.000  200000.000      0.97450189      0.42150004       4059.70740809
Pb        -6   0  -4     300.000  200000.000      0.97450189      0.42150004       4059.70740809
Pb         6   0  -4     300.000  200000.000      0.97450189      0.42150004       4059.70740809
Pb         0   6  -4     300.000  200000.000      0.97450189      0.42150004       4059.70740809
Pb        -4  -6   0     300.000  200000.000      0.97450189      0.42150004       4059.70740809
Pb         4  -6   0     300.000  200000.000      0.97450189      0.42150004       4059.70740809
Pb        -6  -4   0     300.000  200000.000      0.97450189      0.42150004       4059.70740809
Pb         6  -4   0     300.000  200000.000      0.97450189      0.42150004       4059.70740809
Pb        -6   4   0     300.000  200000.000      0.97450189      0.42150004       4059.70740809
Pb         6   4   0     300.000  200000.000      0.97450189      0.42150004       4059.70740809
Pb        -4   6   0     300.000  200000.000      0.97450189      0.42150004       4059.70740809
Pb         4   6   0     300.000  200000.000      0.97450189      0.42150004       4059.70740809
Pb         0  -6   4     300.000  200000.000      0.97450189      0.42150004       4059.70740809
Pb        -6   0   4     300.000  200000.000      0.97450189      0.42150004       4059.70740809
Pb         6   0   4     300.000  200000.000      0.97450189      0.42150004       4059.70740809
Pb         0   6   4     300.000  200000.000      0.97450189      0.42150004       4059.70740809
Pb         0  -4   6     300.000  200000.000      0.97450189      0.42150004       4059.70740809
Pb        -4   0   6     300.000  200000.000      0.97450189      0.42150004       4059.70740809
Pb         4   0   6     300.000  200000.000      0.97450189      0.42150004       4059.70740809
Pb         0   4   6     300.000  200000.000      0.97450189      0.42150004       4059.70740809
Pb        -2  -4  -6     300.000  200000.000      0.84633625      0.37023149       4666.08219592
Pb         2  -4  -6     300.000  200000.000      0.84633625      0.37023149       4666.08219592
Pb        -4  -2  -6     300.000  200000.000      0.84633625      0.37023149       4666.08219592
Pb         4  -2  -6     300.000  200000.000      0.84633625      0.37023149       4666.08219592
Pb        -4   2  -6     300.000  200000.000      0.84633625      0.37023149       4666.08219592
Pb         4   2  -6     300.000  200000.000      0.84633625      0.37023149       4666.08219592
Pb        -2   4  -6     300.000  200000.000      0.84633625      0.37023149       4666.08219592
Pb         2   4  -6     300.000  200000.000      0.84633625      0.37023149       4666.08219592
Pb        -2  -6  -4     300.000  200000.000      0.84633625      0.37023149       4666.08219592
Pb         2  -6  -4     300.000  200000.000      0.84633625      0.37023149       4666.08219592
Pb        -6  -2  -4     300.000  200000.000      0.84633625      0.37023149       4666.08219592
Pb         6  -2  -4     300.000  200000.000      0.84633625      0.37023149       4666.08219592
Pb        -6   2  -4     300.000  200000.000      0.84633625      0.37023149       4666.08219592
Pb         6   2  -4     300.000  200000.000      0.84633625      0.37023149       4666.08219592
Pb        -2   6  -4     300.000  200000.000      0.84633625      0.37023149       4666.08219592
Pb         2   6  -4     300.000  200000.000      0.84633625      0.37023149       4666.08219592
Pb        -4  -6  -2     300.000  200000.000      0.84633625      0.37023149       4666.08219592
Pb         4  -6  -2     300.000  200000.000      0.84633625      0.37023149       4666.08219592
Pb        -6  -4  -2     300.000  200000.000      0.84633625      0.37023149       4666.08219592
Pb         6  -4  -2     300.000  200000.000      0.84633625      0.37023149       4666.08219592
Pb        -6   4  -2     300.000  200000.000      0.84633625      0.37023149       4666.08219592
Pb         6   4  -2     300.000  200000.000      0.84633625      0.37023149       4666.08219592
Pb        -4   6  -2     300.000  200000.000      0.84633625      0.37023149       4666.08219592
Pb         4   6  -2     300.000  200000.000      0.84633625      0.37023149       4666.08219592
Pb        -4  -6   2     300.000  200000.000      0.84633625      0.37023149       4666.08219592
Pb         4  -6   2     300.000  200000.000      0.84633625      0.37023149       4666.08219592
Pb        -6  -4   2     300.000  200000.000      0.84633625      0.37023149       4666.08219592
Pb         6  -4   2     300.000  200000.000      0.84633625      0.37023149       4666.08219592
Pb        -6   4   2     300.000  200000.000      0.84633625      0.37023149       4666.08219592
Pb         6   4   2     300.000  200000.000      0.84633625      0.37023149       4666.08219592
Pb        -4   6   2     300.000  200000.000      0.84633625      0.37023149       4666.08219592
Pb         4   6   2     300.000  200000.000      0.84633625      0.37023149       4666.08219592
Pb        -2  -6   4     300.000  200000.000      0.84633625      0.37023149       4666.08219592
Pb         2  -6   4     300.000  200000.000      0.84633625      0.37023149       4666.08219592
Pb        -6  -2   4     300.000  200000.000      0.84633625      0.37023149       4666.08219592
Pb         6  -2   4     300.000  200000.000      0.84633625      0.37023149       4666.08219592
Pb        -6   2   4     300.000  200000.000      0.84633625      0.37023149       4666.08219592
Pb         6   2   4     300.000  200000.000      0.84633625      0.37023149       4666.08219592
Pb        -2   6   4     300.000  200000.000      0.84633625      0.37023149       4666.08219592
Pb         2   6   4     300.000  200000.000      0.84633625      0.37023149       4666.08219592
Pb        -2  -4   6     300.000  200000.000      0.84633625      0.37023149       4666.08219592
Pb         2  -4   6     300.000  200000.000      0.84633625      0.37023149       4666.08219592
Pb        -4  -2   6     300.000  200000.000      0.84633625      0.37023149       4666.08219592
Pb         4  -2   6     300.000  200000.000      0.84633625      0.37023149       4666.08219592
Pb        -4   2   6     300.000  200000.000      0.84633625      0.37023149       4666.08219592
Pb         4   2   6     300.000  200000.000      0.84633625      0.37023149       4666.08219592
Pb        -2   4   6     300.000  200000.000      0.84633625      0.37023149       4666.08219592
Pb         2   4   6     300.000  200000.000      0.84633625      0.37023149       4666.08219592
Pb        -1  -3  -7     300.000  200000.000      0.76279588      0.33561544       5172.29112837
Pb        -3  -1  -7     300.000  200000.000      0.76279588      0.33561544       5172.29112837
Pb        -3  -5  -5     300.000  200000.000      0.76279588      0.33561544       5172.29112837
Pb        -5  -3  -5     300.000  200000.000      0.76279588      0.33561544       5172.29112837
Pb        -1  -7  -3     300.000  200000.000      0.76279588      0.33561544       5172.29112837
Pb        -5  -5  -3     300.000  200000.000      0.76279588      0.33561544       5172.29112837
Pb        -7  -1  -3     300.000  200000.000      0.76279588      0.33561544       5172.29112837
Pb        -3  -7  -1     300.000  200000.000      0.76279588      0.33561544       5172.29112837
Pb        -7  -3  -1     300.000  200000.000      0.76279588      0.33561544       5172.29112837
Pb         7   3   1     300.000  200000.000      0.76279588      0.33561544       5172.29112837
Pb         3   7   1     300.000  200000.000      0.76279588      0.33561544       5172.29112837
Pb         7   1   3     300.000  200000.000      0.76279588      0.33561544       5172.29112837
Pb         5   5   3     300.000  200000.000      0.76279588      0.33561544       5172.29112837
Pb         1   7   3     300.000  200000.000      0.76279588      0.33561544       5172.29112837
Pb         5   3   5     300.000  200000.000      0.76279588      0.33561544       5172.29112837
Pb         3   5   5     300.000  200000.000      0.76279588      0.33561544       5172.29112837
Pb         3   1   7     300.000  200000.000      0.76279588      0.33561544       5172.29112837
Pb         1   3   7     300.000  200000.000      0.76279588      0.33561544       5172.29112837
Pb         0   0  -8     300.000  200000.000      0.64354797      0.28440956       6126.27154303
Pb         0  -8   0     300.000  200000.000      0.64354797      0.28440956       6126.27154303
Pb        -8   0   0     300.000  200000.000      0.64354797      0.28440956       6126.27154303
Pb         8   0   0     300.000  200000.000      0.64354797      0.28440956       6126.27154303
Pb         0   8   0     300.000  200000.000      0.64354797      0.28440956       6126.27154303
Pb         0   0   8     300.000  200000.000      0.64354797      0.28440956       6126.27154303
Pb        -3  -3  -7     300.000  200000.000      0.58219432      0.25717847       6772.38001116
Pb        -3  -7  -3     300.000  200000.000      0.58219432      0.25717847       6772.38001116
Pb        -7  -3  -3     300.000  200000.000      0.58219432      0.25717847       6772.38001116
Pb         7   3   3     300.000  200000.000      0.58219432      0.25717847       6772.38001116
Pb         3   7   3     300.000  200000.000      0.58219432      0.25717847       6772.38001116
Pb         3   3   7     300.000  200000.000      0.58219432      0.25717847       6772.38001116
Pb         0  -2  -8     300.000  200000.000      0.56323224      0.24863382       7001.15586919
Pb        -2   0  -8     300.000  200000.000      0.56323224      0.24863382       7001.15586919
Pb         2   0  -8     300.000  200000.000      0.56323224      0.24863382       7001.15586919
Pb         0   2  -8     300.000  200000.000      0.56323224      0.24863382       7001.15586919
Pb        -4  -4  -6     300.000  200000.000      0.56323224      0.24863382       7001.15586919
Pb         4  -4  -6     300.000  200000.000      0.56323224      0.24863382       7001.15586919
Pb        -4   4  -6     300.000  200000.000      0.56323224      0.24863382       7001.15586919
Pb         4   4  -6     300.000  200000.000      0.56323224      0.24863382       7001.15586919
Pb        -4  -6  -4     300.000  200000.000      0.56323224      0.24863382       7001.15586919
Pb         4  -6  -4     300.000  200000.000      0.56323224      0.24863382       7001.15586919
Pb        -6  -4  -4     300.000  200000.000      0.56323224      0.24863382       7001.15586919
Pb         6  -4  -4     300.000  200000.000      0.56323224      0.24863382       7001.15586919
Pb        -6   4  -4     300.000  200000.000      0.56323224      0.24863382       7001.15586919
Pb         6   4  -4     300.000  200000.000      0.56323224      0.24863382       7001.15586919
Pb        -4   6  -4     300.000  200000.000      0.56323224      0.24863382       7001.15586919
Pb         4   6  -4     300.000  200000.000      0.56323224      0.24863382       7001.15586919
Pb         0  -8  -2     300.000  200000.000      0.56323224      0.24863382       7001.15586919
Pb        -8   0  -2     300.000  200000.000      0.56323224      0.24863382       7001.15586919
Pb         8   0  -2     300.000  200000.000      0.56323224      0.24863382       7001.15586919
Pb         0   8  -2     300.000  200000.000      0.56323224      0.24863382       7001.15586919
Pb        -2  -8   0     300.000  200000.000      0.56323224      0.24863382       7001.15586919
Pb         2  -8   0     300.000  200000.000      0.56323224      0.24863382       7001.15586919
Pb        -8  -2   0     300.000  200000.000      0.56323224      0.24863382       7001.15586919
Pb         8  -2   0     300.000  200000.000      0.56323224      0.24863382       7001.15586919
Pb        -8   2   0     300.000  200000.000      0.56323224      0.24863382       7001.15586919
Pb         8   2   0     300.000  200000.000      0.56323224      0.24863382       7001.15586919
Pb        -2   8   0     300.000  200000.000      0.56323224      0.24863382       7001.15586919
Pb         2   8   0     300.000  200000.000      0.56323224      0.24863382       7001.15586919
Pb         0  -8   2     300.000  200000.000      0.56323224      0.24863382       7001.15586919
Pb        -8   0   2     300.000  200000.000      0.56323224      0.24863382       7001.15586919
Pb         8   0   2     300.000  200000.000      0.56323224      0.24863382       7001.15586919
Pb         0   8   2     300.000  200000.000      0.56323224      0.24863382       7001.15586919
Pb        -4  -6   4     300.000  200000.000      0.56323224      0.24863382       7001.15586919
Pb         4  -6   4     300.000  200000.000      0.56323224      0.24863382       7001.15586919
Pb        -6  -4   4     300.000  200000.000      0.56323224      0.24863382       7001.15586919
Pb         6  -4   4     300.000  200000.000      0.56323224      0.24863382       7001.15586919
Pb        -6   4   4     300.000  200000.000      0.56323224      0.24863382       7001.15586919
Pb         6   4   4     300.000  200000.000      0.56323224      0.24863382       7001.15586919
Pb        -4   6   4     300.000  200000.000      0.56323224      0.24863382       7001.15586919
Pb         4   6   4     300.000  200000.000      0.56323224      0.24863382       7001.15586919
Pb        -4  -4   6     300.000  200000.000      0.56323224      0.24863382       7001.15586919
Pb         4  -4   6     300.000  200000.000      0.56323224      0.24863382       7001.15586919
Pb        -4   4   6     300.000  200000.000      0.56323224      0.24863382       7001.15586919
Pb         4   4   6     300.000  200000.000      0.56323224      0.24863382       7001.15586919
Pb         0  -2   8     300.000  200000.000      0.56323224      0.24863382       7001.15586919
Pb        -2   0   8     300.000  200000.000      0.56323224      0.24863382       7001.15586919
Pb         2   0   8     300.000  200000.000      0.56323224      0.24863382       7001.15586919
Pb         0   2   8     300.000  200000.000      0.56323224      0.24863382       7001.15586919
Pb        -2  -2  -8     300.000  200000.000      0.49403482      0.21691706       7988.75395304
Pb         2  -2  -8     300.000  200000.000      0.49403482      0.21691706       7988.75395304
Pb        -2   2  -8     300.000  200000.000      0.49403482      0.21691706       7988.75395304
Pb         2   2  -8     300.000  200000.000      0.49403482      0.21691706       7988.75395304
Pb         0  -6  -6     300.000  200000.000      0.49403482      0.21691706       7988.75395304
Pb        -6   0  -6     300.000  200000.000      0.49403482      0.21691706       7988.75395304
Pb         6   0  -6     300.000  200000.000      0.49403482      0.21691706       7988.75395304
Pb         0   6  -6     300.000  200000.000      0.49403482      0.21691706       7988.75395304
Pb        -2  -8  -2     300.000  200000.000      0.49403482      0.21691706       7988.75395304
Pb         2  -8  -2     300.000  200000.000      0.49403482      0.21691706       7988.75395304
Pb        -8  -2  -2     300.000  200000.000      0.49403482      0.21691706       7988.75395304
Pb         8  -2  -2     300.000  200000.000      0.49403482      0.21691706       7988.75395304
Pb        -8   2  -2     300.000  200000.000      0.49403482      0.21691706       7988.75395304
Pb         8   2  -2     300.000  200000.000      0.49403482      0.21691706       7988.75395304
Pb        -2   8  -2     300.000  200000.000      0.49403482      0.21691706       7988.75395304
Pb         2   8  -2     300.000  200000.000      0.49403482      0.21691706       7988.75395304
Pb        -6  -6   0     300.000  200000.000      0.49403482      0.21691706       7988.75395304
Pb         6  -6   0     300.000  200000.000      0.49403482      0.21691706       7988.75395304
Pb        -6   6   0     300.000  200000.000      0.49403482      0.21691706       7988.75395304
Pb         6   6   0     300.000  200000.000      0.49403482      0.21691706       7988.75395304
Pb        -2  -8   2     300.000  200000.000      0.49403482      0.21691706       7988.75395304
Pb         2  -8   2     300.000  200000.000      0.49403482      0.21691706       7988.75395304
Pb        -8  -2   2     300.000  200000.000      0.49403482      0.21691706       7988.75395304
Pb         8  -2   2     300.000  200000.000      0.49403482      0.21691706       7988.75395304
Pb        -8   2   2     300.000  200000.000      0.49403482      0.21691706       7988.75395304
Pb         8   2   2     300.000  200000.000      0.49403482      0.21691706       7988.75395304
Pb        -2   8   2     300.000  200000.000      0.49403482      0.21691706       7988.75395304
Pb         2   8   2     300.000  200000.000      0.49403482      0.21691706       7988.75395304
Pb         0  -6   6     300.000  200000.000      0.49403482      0.21691706       7988.75395304
Pb        -6   0   6     300.000  200000.000      0.49403482      0.21691706       7988.75395304
Pb         6   0   6     300.000  200000.000      0.49403482      0.21691706       7988.75395304
Pb         0   6   6     300.000  200000.000      0.49403482      0.21691706       7988.75395304
Pb        -2  -2   8     300.000  200000.000      0.49403482      0.21691706       7988.75395304
Pb         2  -2   8     300.000  200000.000      0.49403482      0.21691706       7988.75395304
Pb        -2   2   8     300.000  200000.000      0.49403482      0.21691706       7988.75395304
Pb         2   2   8     300.000  200000.000      0.49403482      0.21691706       7988.75395304
Pb        -5  -5  -5     300.000  200000.000      0.44838832      0.19552124       8811.78368855
Pb         5   5   5     300.000  200000.000      0.44838832      0.19552124       8811.78368855
Pb        -1  -5  -7     300.000  200000.000      0.44838832      0.19552124       8811.78368855
Pb        -5  -1  -7     300.000  200000.000      0.44838832      0.19552124       8811.78368855
Pb        -1  -7  -5     300.000  200000.000      0.44838832      0.19552124       8811.78368855
Pb        -7  -1  -5     300.000  200000.000      0.44838832      0.19552124       8811.78368855
Pb        -5  -7  -1     300.000  200000.000      0.44838832      0.19552124       8811.78368855
Pb        -7  -5  -1     300.000  200000.000      0.44838832      0.19552124       8811.78368855
Pb         7   5   1     300.000  200000.000      0.44838832      0.19552124       8811.78368855
Pb         5   7   1     300.000  200000.000      0.44838832      0.19552124       8811.78368855
Pb         7   1   5     300.000  200000.000      0.44838832      0.19552124       8811.78368855
Pb         1   7   5     300.000  200000.000      0.44838832      0.19552124       8811.78368855
Pb         5   1   7     300.000  200000.000      0.44838832      0.19552124       8811.78368855
Pb         1   5   7     300.000  200000.000      0.44838832      0.19552124       8811.78368855
Pb        -2  -6  -6     300.000  200000.000      0.43423822      0.18881047       9103.07173921
Pb         2  -6  -6     300.000  200000.000      0.43423822      0.18881047       9103.07173921
Pb        -6  -2  -6     300.000  200000.000      0.43423822      0.18881047       9103.07173921
Pb         6  -2  -6     300.000  200000.000      0.43423822      0.18881047       9103.07173921
Pb        -6   2  -6     300.000  200000.000      0.43423822      0.18881047       9103.07173921
Pb         6   2  -6     300.000  200000.000      0.43423822      0.18881047       9103.07173921
Pb        -2   6  -6     300.000  200000.000      0.43423822      0.18881047       9103.07173921
Pb         2   6  -6     300.000  200000.000      0.43423822      0.18881047       9103.07173921
Pb        -6  -6  -2     300.000  200000.000      0.43423822      0.18881047       9103.07173921
Pb         6  -6  -2     300.000  200000.000      0.43423822      0.18881047       9103.07173921
Pb        -6   6  -2     300.000  200000.000      0.43423822      0.18881047       9103.07173921
Pb         6   6  -2     300.000  200000.000      0.43423822      0.18881047       9103.07173921
Pb        -6  -6   2     300.000  200000.000      0.43423822      0.18881047       9103.07173921
Pb         6  -6   2     300.000  200000.000      0.43423822      0.18881047       9103.07173921
Pb        -6   6   2     300.000  200000.000      0.43423822      0.18881047       9103.07173921
Pb         6   6   2     300.000  200000.000      0.43423822      0.18881047       9103.07173921
Pb        -2  -6   6     300.000  200000.000      0.43423822      0.18881047       9103.07173921
Pb         2  -6   6     300.000  200000.000      0.43423822      0.18881047       9103.07173921
Pb        -6  -2   6     300.000  200000.000      0.43423822      0.18881047       9103.07173921
Pb         6  -2   6     300.000  200000.000      0.43423822      0.18881047       9103.07173921
Pb        -6   2   6     300.000  200000.000      0.43423822      0.18881047       9103.07173921
Pb         6   2   6     300.000  200000.000      0.43423822      0.18881047       9103.07173921
Pb        -2   6   6     300.000  200000.000      0.43423822      0.18881047       9103.07173921
Pb         2   6   6     300.000  200000.000      0.43423822      0.18881047       9103.07173921
Pb         0  -4  -8     300.000  200000.000      0.38241944      0.16391598      10359.83116589
Pb        -4   0  -8     300.000  200000.000      0.38241944      0.16391598      10359.83116589
Pb         4   0  -8     300.000  200000.000      0.38241944      0.16391598      10359.83116589
Pb         0   4  -8     300.000  200000.000      0.38241944      0.16391598      10359.83116589
Pb         0  -8  -4     300.000  200000.000      0.38241944      0.16391598      10359.83116589
Pb        -8   0  -4     300.000  200000.000      0.38241944      0.16391598      10359.83116589
Pb         8   0  -4     300.000  200000.000      0.38241944      0.16391598      10359.83116589
Pb         0   8  -4     300.000  200000.000      0.38241944      0.16391598      10359.83116589
Pb        -4  -8   0     300.000  200000.000      0.38241944      0.16391598      10359.83116589
Pb         4  -8   0     300.000  200000.000      0.38241944      0.16391598      10359.83116589
Pb        -8  -4   0     300.000  200000.000      0.38241944      0.16391598      10359.83116589
Pb         8  -4   0     300.000  200000.000      0.38241944      0.16391598      10359.83116589
Pb        -8   4   0     300.000  200000.000      0.38241944      0.16391598      10359.83116589
Pb         8   4   0     300.000  200000.000      0.38241944      0.16391598      10359.83116589
Pb        -4   8   0     300.000  200000.000      0.38241944      0.16391598      10359.83116589
Pb         4   8   0     300.000  200000.000      0.38241944      0.16391598      10359.83116589
Pb         0  -8   4     300.000  200000.000      0.38241944      0.16391598      10359.83116589
Pb        -8   0   4     300.000  200000.000      0.38241944      0.16391598      10359.83116589
Pb         8   0   4     300.000  200000.000      0.38241944      0.16391598      10359.83116589
Pb         0   8   4     300.000  200000.000      0.38241944      0.16391598      10359.83116589
Pb         0  -4   8     300.000  200000.000      0.38241944      0.16391598      10359.83116589
Pb        -4   0   8     300.000  200000.000      0.38241944      0.16391598      10359.83116589
Pb         4   0   8     300.000  200000.000      0.38241944      0.16391598      10359.83116589
Pb         0   4   8     300.000  200000.000      0.38241944      0.16391598      10359.83116589
Pb        -1  -1  -9     300.000  200000.000      0.34807056      0.14713892      11406.41001580
Pb        -1  -9  -1     300.000  200000.000      0.34807056      0.14713892      11406.41001580
Pb        -9  -1  -1     300.000  200000.000      0.34807056      0.14713892      11406.41001580
Pb         9   1   1     300.000  200000.000      0.34807056      0.14713892      11406.41001580
Pb         1   9   1     300.000  200000.000      0.34807056      0.14713892      11406.41001580
Pb         1   1   9     300.000  200000.000      0.34807056      0.14713892      11406.41001580
Pb        -3  -5  -7     300.000  200000.000      0.34807056      0.14713892      11406.41001580
Pb        -5  -3  -7     300.000  200000.000      0.34807056      0.14713892      11406.41001580
Pb        -3  -7  -5     300.000  200000.000      0.34807056      0.14713892      11406.41001580
Pb        -7  -3  -5     300.000  200000.000      0.34807056      0.14713892      11406.41001580
Pb        -5  -7  -3     300.000  200000.000      0.34807056      0.14713892      11406.41001580
Pb        -7  -5  -3     300.000  200000.000      0.34807056      0.14713892      11406.41001580
Pb         7   5   3     300.000  200000.000      0.34807056      0.14713892      11406.41001580
Pb         5   7   3     300.000  200000.000      0.34807056      0.14713892      11406.41001580
Pb         7   3   5     300.000  200000.000      0.34807056      0.14713892      11406.41001580
Pb         3   7   5     300.000  200000.000      0.34807056      0.14713892      11406.41001580
Pb         5   3   7     300.000  200000.000      0.34807056      0.14713892      11406.41001580
Pb         3   5   7     300.000  200000.000      0.34807056      0.14713892      11406.41001580
Pb        -2  -4  -8     300.000  200000.000      0.33739396      0.14188017      11776.66928211
Pb         2  -4  -8     300.000  200000.000      0.33739396      0.14188017      11776.66928211
Pb        -4  -2  -8     300.000  200000.000      0.33739396      0.14188017      11776.66928211
Pb         4  -2  -8     300.000  200000.000      0.33739396      0.14188017      11776.66928211
Pb        -4   2  -8     300.000  200000.000      0.33739396      0.14188017      11776.66928211
Pb         4   2  -8     300.000  200000.000      0.33739396      0.14188017      11776.66928211
Pb        -2   4  -8     300.000  200000.000      0.33739396      0.14188017      11776.66928211
Pb         2   4  -8     300.000  200000.000      0.33739396      0.14188017      11776.66928211
Pb        -2  -8  -4     300.000  200000.000      0.33739396      0.14188017      11776.66928211
Pb         2  -8  -4     300.000  200000.000      0.33739396      0.14188017      11776.66928211
Pb        -8  -2  -4     300.000  200000.000      0.33739396      0.14188017      11776.66928211
Pb         8  -2  -4     300.000  200000.000      0.33739396      0.14188017      11776.66928211
Pb        -8   2  -4     300.000  200000.000      0.33739396      0.14188017      11776.66928211
Pb         8   2  -4     300.000  200000.000      0.33739396      0.14188017      11776.66928211
Pb        -2   8  -4     300.000  200000.000      0.33739396      0.14188017      11776.66928211
Pb         2   8  -4     300.000  200000.000      0.33739396      0.14188017      11776.66928211
Pb        -4  -8  -2     300.000  200000.000      0.33739396      0.14188017      11776.66928211
Pb         4  -8  -2     300.000  200000.000      0.33739396      0.14188017      11776.66928211
Pb        -8  -4  -2     300.000  200000.000      0.33739396      0.14188017      11776.66928211
Pb         8  -4  -2     300.000  200000.000      0.33739396      0.14188017      11776.66928211
Pb        -8   4  -2     300.000  200000.000      0.33739396      0.14188017      11776.66928211
Pb         8   4  -2     300.000  200000.000      0.33739396      0.14188017      11776.66928211
Pb        -4   8  -2     300.000  200000.000      0.33739396      0.14188017      11776.66928211
Pb         4   8  -2     300.000  200000.000      0.33739396      0.14188017      11776.66928211
Pb        -4  -8   2     300.000  200000.000      0.33739396      0.14188017      11776.66928211
Pb         4  -8   2     300.000  200000.000      0.33739396      0.14188017      11776.66928211
Pb        -8  -4   2     300.000  200000.000      0.33739396      0.14188017      11776.66928211
Pb         8  -4   2     300.000  200000.000      0.33739396      0.14188017      11776.66928211
Pb        -8   4   2     300.000  200000.000      0.33739396      0.14188017      11776.66928211
Pb         8   4   2     300.000  200000.000      0.33739396      0.14188017      11776.66928211
Pb        -4   8   2     300.000  200000.000      0.33739396      0.14188017      11776.66928211
Pb         4   8   2     300.000  200000.000      0.33739396      0.14188017      11776.66928211
Pb        -2  -8   4     300.000  200000.000      0.33739396      0.14188017      11776.66928211
Pb         2  -8   4     300.000  200000.000      0.33739396      0.14188017      11776.66928211
Pb        -8  -2   4     300.000  200000.000      0.33739396      0.14188017      11776.66928211
Pb         8  -2   4     300.000  200000.000      0.33739396      0.14188017      11776.66928211
Pb        -8   2   4     300.000  200000.000      0.33739396      0.14188017      11776.66928211
Pb         8   2   4     300.000  200000.000      0.33739396      0.14188017      11776.66928211
Pb        -2   8   4     300.000  200000.000      0.33739396      0.14188017      11776.66928211
Pb         2   8   4     300.000  200000.000      0.33739396      0.14188017      11776.66928211
Pb        -2  -4   8     300.000  200000.000      0.33739396      0.14188017      11776.66928211
Pb         2  -4   8     300.000  200000.000      0.33739396      0.14188017      11776.66928211
Pb        -4  -2   8     300.000  200000.000      0.33739396      0.14188017      11776.66928211
Pb         4  -2   8     300.000  200000.000      0.33739396      0.14188017      11776.66928211
Pb        -4   2   8     300.000  200000.000      0.33739396      0.14188017      11776.66928211
Pb         4   2   8     300.000  200000.000      0.33739396      0.14188017      11776.66928211
Pb        -2   4   8     300.000  200000.000      0.33739396      0.14188017      11776.66928211
Pb         2   4   8     300.000  200000.000      0.33739396      0.14188017      11776.66928211
Pb        -4  -6  -6     300.000  200000.000      0.29817188      0.12238893      13373.34651508
Pb         4  -6  -6     300.000  200000.000      0.29817188      0.12238893      13373.34651508
Pb        -6  -4  -6     300.000  200000.000      0.29817188      0.12238893      13373.34651508
Pb         6  -4  -6     300.000  200000.000      0.29817188      0.12238893      13373.34651508
Pb        -6   4  -6     300.000  200000.000      0.29817188      0.12238893      13373.34651508
Pb         6   4  -6     300.000  200000.000      0.29817188      0.12238893      13373.34651508
Pb        -4   6  -6     300.000  200000.000      0.29817188      0.12238893      13373.34651508
Pb         4   6  -6     300.000  200000.000      0.29817188      0.12238893      13373.34651508
Pb        -6  -6  -4     300.000  200000.000      0.29817188      0.12238893      13373.34651508
Pb         6  -6  -4     300.000  200000.000      0.29817188      0.12238893      13373.34651508
Pb        -6   6  -4     300.000  200000.000      0.29817188      0.12238893      13373.34651508
Pb         6   6  -4     300.000  200000.000      0.29817188      0.12238893      13373.34651508
Pb        -6  -6   4     300.000  200000.000      0.29817188      0.12238893      13373.34651508
Pb         6  -6   4     300.000  200000.000      0.29817188      0.12238893      13373.34651508
Pb        -6   6   4     300.000  200000.000      0.29817188      0.12238893      13373.34651508
Pb         6   6   4     300.000  200000.000      0.29817188      0.12238893      13373.34651508
Pb        -4  -6   6     300.000  200000.000      0.29817188      0.12238893      13373.34651508
Pb         4  -6   6     300.000  200000.000      0.29817188      0.12238893      13373.34651508
Pb        -6  -4   6     300.000  200000.000      0.29817188      0.12238893      13373.34651508
Pb         6  -4   6     300.000  200000.000      0.29817188      0.12238893      13373.34651508
Pb        -6   4   6     300.000  200000.000      0.29817188      0.12238893      13373.34651508
Pb         6   4   6     300.000  200000.000      0.29817188      0.12238893      13373.34651508
Pb        -4   6   6     300.000  200000.000      0.29817188      0.12238893      13373.34651508
Pb         4   6   6     300.000  200000.000      0.29817188      0.12238893      13373.34651508
Pb        -1  -3  -9     300.000  200000.000      0.27205918      0.10927110      14702.07313199
Pb        -3  -1  -9     300.000  200000.000      0.27205918      0.10927110      14702.07313199
Pb        -1  -9  -3     300.000  200000.000      0.27205918      0.10927110      14702.07313199
Pb        -9  -1  -3     300.000  200000.000      0.27205918      0.10927110      14702.07313199
Pb        -3  -9  -1     300.000  200000.000      0.27205918      0.10927110      14702.07313199
Pb        -9  -3  -1     300.000  200000.000      0.27205918      0.10927110      14702.07313199
Pb         9   3   1     300.000  200000.000      0.27205918      0.10927110      14702.07313199
Pb         3   9   1     300.000  200000.000      0.27205918      0.10927110      14702.07313199
Pb         9   1   3     300.000  200000.000      0.27205918      0.10927110      14702.07313199
Pb         1   9   3     300.000  200000.000      0.27205918      0.10927110      14702.07313199
Pb         3   1   9     300.000  200000.000      0.27205918      0.10927110      14702.07313199
Pb         1   3   9     300.000  200000.000      0.27205918      0.10927110      14702.07313199
Pb        -4  -4  -8     300.000  200000.000      0.23394844      0.08995314      17197.16109271
Pb         4  -4  -8     300.000  200000.000      0.23394844      0.08995314      17197.16109271
Pb        -4   4  -8     300.000  200000.000      0.23394844      0.08995314      17197.16109271
Pb         4   4  -8     300.000  200000.000      0.23394844      0.08995314      17197.16109271
Pb        -4  -8  -4     300.000  200000.000      0.23394844      0.08995314      17197.16109271
Pb         4  -8  -4     300.000  200000.000      0.23394844      0.08995314      17197.16109271
Pb        -8  -4  -4     300.000  200000.000      0.23394844      0.08995314      17197.16109271
Pb         8  -4  -4     300.000  200000.000      0.23394844      0.08995314      17197.16109271
Pb        -8   4  -4     300.000  200000.000      0.23394844      0.08995314      17197.16109271
Pb         8   4  -4     300.000  200000.000      0.23394844      0.08995314      17197.16109271
Pb        -4   8  -4     300.000  200000.000      0.23394844      0.08995314      17197.16109271
Pb         4   8  -4     300.000  200000.000      0.23394844      0.08995314      17197.16109271
Pb        -4  -8   4     300.000  200000.000      0.23394844      0.08995314      17197.16109271
Pb         4  -8   4     300.000  200000.000      0.23394844      0.08995314      17197.16109271
Pb        -8  -4   4     300.000  200000.000      0.23394844      0.08995314      17197.16109271
Pb         8  -4   4     300.000  200000.000      0.23394844      0.08995314      17197.16109271
Pb        -8   4   4     300.000  200000.000      0.23394844      0.08995314      17197.16109271
Pb         8   4   4     300.000  200000.000      0.23394844      0.08995314      17197.16109271
Pb        -4   8   4     300.000  200000.000      0.23394844      0.08995314      17197.16109271
Pb         4   8   4     300.000  200000.000      0.23394844      0.08995314      17197.16109271
Pb        -4  -4   8     300.000  200000.000      0.23394844      0.08995314      17197.16109271
Pb         4  -4   8     300.000  200000.000      0.23394844      0.08995314      17197.16109271
Pb        -4   4   8     300.000  200000.000      0.23394844      0.08995314      17197.16109271
Pb         4   4   8     300.000  200000.000      0.23394844      0.08995314      17197.16109271
Pb        -3  -3  -9     300.000  200000.000      0.21391422      0.07973489      18881.13618620
Pb        -3  -9  -3     300.000  200000.000      0.21391422      0.07973489      18881.13618620
Pb        -9  -3  -3     300.000  200000.000      0.21391422      0.07973489      18881.13618620
Pb         9   3   3     300.000  200000.000      0.21391422      0.07973489      18881.13618620
Pb         3   9   3     300.000  200000.000      0.21391422      0.07973489      18881.13618620
Pb         3   3   9     300.000  200000.000      0.21391422      0.07973489      18881.13618620
Pb        -1  -7  -7     300.000  200000.000      0.21391422      0.07973489      18881.13618620
Pb        -5  -5  -7     300.000  200000.000      0.21391422      0.07973489      18881.13618620
Pb        -7  -1  -7     300.000  200000.000      0.21391422      0.07973489      18881.13618620
Pb        -5  -7  -5     300.000  200000.000      0.21391422      0.07973489      18881.13618620
Pb        -7  -5  -5     300.000  200000.000      0.21391422      0.07973489      18881.13618620
Pb        -7  -7  -1     300.000  200000.000      0.21391422      0.07973489      18881.13618620
Pb         7   7   1     300.000  200000.000      0.21391422      0.07973489      18881.13618620
Pb         7   5   5     300.000  200000.000      0.21391422      0.07973489      18881.13618620
Pb         5   7   5     300.000  200000.000      0.21391422      0.07973489      18881.13618620
Pb         7   1   7     300.000  200000.000      0.21391422      0.07973489      18881.13618620
Pb         5   5   7     300.000  200000.000      0.21391422      0.07973489      18881.13618620
Pb         1   7   7     300.000  200000.000      0.21391422      0.07973489      18881.13618620
Pb         0   0 -10     300.000  200000.000      0.20765843      0.07653824      19476.35405936
Pb         0  -6  -8     300.000  200000.000      0.20765843      0.07653824      19476.35405936
Pb        -6   0  -8     300.000  200000.000      0.20765843      0.07653824      19476.35405936
Pb         6   0  -8     300.000  200000.000      0.20765843      0.07653824      19476.35405936
Pb         0   6  -8     300.000  200000.000      0.20765843      0.07653824      19476.35405936
Pb         0  -8  -6     300.000  200000.000      0.20765843      0.07653824      19476.35405936
Pb        -8   0  -6     300.000  200000.000      0.20765843      0.07653824      19476.35405936
Pb         8   0  -6     300.000  200000.000      0.20765843      0.07653824      19476.35405936
Pb         0   8  -6     300.000  200000.000      0.20765843      0.07653824      19476.35405936
Pb         0 -10   0     300.000  200000.000      0.20765843      0.07653824      19476.35405936
Pb        -6  -8   0     300.000  200000.000      0.20765843      0.07653824      19476.35405936
Pb         6  -8   0     300.000  200000.000      0.20765843      0.07653824      19476.35405936
Pb        -8  -6   0     300.000  200000.000      0.20765843      0.07653824      19476.35405936
Pb         8  -6   0     300.000  200000.000      0.20765843      0.07653824      19476.35405936
Pb       -10   0   0     300.000  200000.000      0.20765843      0.07653824      19476.35405936
Pb        10   0   0     300.000  200000.000      0.20765843      0.07653824      19476.35405936
Pb        -8   6   0     300.000  200000.000      0.20765843      0.07653824      19476.35405936
Pb         8   6   0     300.000  200000.000      0.20765843      0.07653824      19476.35405936
Pb        -6   8   0     300.000  200000.000      0.20765843      0.07653824      19476.35405936
Pb         6   8   0     300.000  200000.000      0.20765843      0.07653824      19476.35405936
Pb         0  10   0     300.000  200000.000      0.20765843      0.07653824      19476.35405936
Pb         0  -8   6     300.000  200000.000      0.20765843      0.07653824      19476.35405936
Pb        -8   0   6     300.000  200000.000      0.20765843      0.07653824      19476.35405936
Pb         8   0   6     300.000  200000.000      0.20765843      0.07653824      19476.35405936
Pb         0   8   6     300.000  200000.000      0.20765843      0.07653824      19476.35405936
Pb         0  -6   8     300.000  200000.000      0.20765843      0.07653824      19476.35405936
Pb        -6   0   8     300.000  200000.000      0.20765843      0.07653824      19476.35405936
Pb         6   0   8     300.000  200000.000      0.20765843      0.07653824      19476.35405936
Pb         0   6   8     300.000  200000.000      0.20765843      0.07653824      19476.35405936
Pb         0   0  10     300.000  200000.000      0.20765843      0.07653824      19476.35405936
