# test_Lib_CrystalStructureFactor v.0.0.1
 element           g       T (K)       V (V)         Re(U_g)         Im(U_g)                xi_g
Pd         0   0   0     300.000  200000.000     24.62561341      0.93333850        174.91169426
Pd        -1  -1  -1     300.000  200000.000     15.48005825      0.87759931        278.00219569
Pd         1   1   1     300.000  200000.000     15.48005825      0.87759931        278.00219569
Pd         0   0  -2     300.000  200000.000     13.84608364      0.86019752        310.70924224
Pd         0  -2   0     300.000  200000.000     13.84608364      0.86019752        310.70924224
Pd        -2   0   0     300.000  200000.000     13.84608364      0.86019752        310.70924224
Pd         2   0   0     300.000  200000.000     13.84608364      0.86019752        310.70924224
Pd         0   2   0     300.000  200000.000     13.84608364      0.86019752        310.70924224
Pd         0   0   2     300.000  200000.000     13.84608364      0.86019752        310.70924224
Pd         0  -2  -2     300.000  200000.000      9.74113128      0.79575011        441.02576286
Pd        -2   0  -2     300.000  200000.000      9.74113128      0.79575011        441.02576286
Pd         2   0  -2     300.000  200000.000      9.74113128      0.79575011        441.02576286
Pd         0   2  -2     300.000  200000.000      9.74113128      0.79575011        441.02576286
Pd        -2  -2   0     300.000  200000.000      9.74113128      0.79575011        441.02576286
Pd         2  -2   0     300.000  200000.000      9.74113128      0.79575011        441.02576286
Pd        -2   2   0     300.000  200000.000      9.74113128      0.79575011        441.02576286
Pd         2   2   0     300.000  200000.000      9.74113128      0.79575011        441.02576286
Pd         0  -2   2     300.000  200000.000      9.74113128      0.79575011        441.02576286
Pd        -2   0   2     300.000  200000.000      9.74113128      0.79575011        441.02576286
Pd         2   0   2     300.000  200000.000      9.74113128      0.79575011        441.02576286
Pd         0   2   2     300.000  200000.000      9.74113128      0.79575011        441.02576286
Pd        -1  -1  -3     300.000  200000.000      7.90477334      0.75218433        542.83876575
Pd        -1  -3  -1     300.000  200000.000      7.90477334      0.75218433        542.83876575
Pd        -3  -1  -1     300.000  200000.000      7.90477334      0.75218433        542.83876575
Pd         3   1   1     300.000  200000.000      7.90477334      0.75218433        542.83876575
Pd         1   3   1     300.000  200000.000      7.90477334      0.75218433        542.83876575
Pd         1   1   3     300.000  200000.000      7.90477334      0.75218433        542.83876575
Pd        -2  -2  -2     300.000  200000.000      7.42432316      0.73846325        577.72742500
Pd         2  -2  -2     300.000  200000.000      7.42432316      0.73846325        577.72742500
Pd        -2   2  -2     300.000  200000.000      7.42432316      0.73846325        577.72742500
Pd         2   2  -2     300.000  200000.000      7.42432316      0.73846325        577.72742500
Pd        -2  -2   2     300.000  200000.000      7.42432316      0.73846325        577.72742500
Pd         2  -2   2     300.000  200000.000      7.42432316      0.73846325        577.72742500
Pd        -2   2   2     300.000  200000.000      7.42432316      0.73846325        577.72742500
Pd         2   2   2     300.000  200000.000      7.42432316      0.73846325        577.72742500
Pd         0   0  -4     300.000  200000.000      5.93717039      0.68713338        721.18859375
Pd         0  -4   0     300.000  200000.000      5.93717039      0.68713338        721.18859375
Pd        -4   0   0     300.000  200000.000      5.93717039      0.68713338        721.18859375
Pd         4   0   0     300.000  200000.000      5.93717039      0.68713338        721.18859375
Pd         0   4   0     300.000  200000.000      5.93717039      0.68713338        721.18859375
Pd         0   0   4     300.000  200000.000      5.93717039      0.68713338        721.18859375
Pd        -1  -3  -3     300.000  200000.000      5.13919048      0.65196586        832.06256333
Pd        -3  -1  -3     300.000  200000.000      5.13919048      0.65196586        832.06256333
Pd        -3  -3  -1     300.000  200000.000      5.13919048      0.65196586        832.06256333
Pd         3   3   1     300.000  200000.000      5.13919048      0.65196586        832.06256333
Pd         3   1   3     300.000  200000.000      5.13919048      0.65196586        832.06256333
Pd         1   3   3     300.000  200000.000      5.13919048      0.65196586        832.06256333
Pd         0  -2  -4     300.000  200000.000      4.91540198      0.64081033        869.55888438
Pd        -2   0  -4     300.000  200000.000      4.91540198      0.64081033        869.55888438
Pd         2   0  -4     300.000  200000.000      4.91540198      0.64081033        869.55888438
Pd         0   2  -4     300.000  200000.000      4.91540198      0.64081033        869.55888438
Pd         0  -4  -2     300.000  200000.000      4.91540198      0.64081033        869.55888438
Pd        -4   0  -2     300.000  200000.000      4.91540198      0.64081033        869.55888438
Pd         4   0  -2     300.000  200000.000      4.91540198      0.64081033        869.55888438
Pd         0   4  -2     300.000  200000.000      4.91540198      0.64081033        869.55888438
Pd        -2  -4   0     300.000  200000.000      4.91540198      0.64081033        869.55888438
Pd         2  -4   0     300.000  200000.000      4.91540198      0.64081033        869.55888438
Pd        -4  -2   0     300.000  200000.000      4.91540198      0.64081033        869.55888438
Pd         4  -2   0     300.000  200000.000      4.91540198      0.64081033        869.55888438
Pd        -4   2   0     300.000  200000.000      4.91540198      0.64081033        869.55888438
Pd         4   2   0     300.000  200000.000      4.91540198      0.64081033        869.55888438
Pd        -2   4   0     300.000  200000.000      4.91540198      0.64081033        869.55888438
Pd         2   4   0     300.000  200000.000      4.91540198      0.64081033        869.55888438
Pd         0  -4   2     300.000  200000.000      4.91540198      0.64081033        869.55888438
Pd        -4   0   2     300.000  200000.000      4.91540198      0.64081033        869.55888438
Pd         4   0   2     300.000  200000.000      4.91540198      0.64081033        869.55888438
Pd         0   4   2     300.000  200000.000      4.91540198      0.64081033        869.55888438
Pd         0  -2   4     300.000  200000.000      4.91540198      0.64081033        869.55888438
Pd        -2   0   4     300.000  200000.000      4.91540198      0.64081033        869.55888438
Pd         2   0   4     300.000  200000.000      4.91540198      0.64081033        869.55888438
Pd         0   2   4     300.000  200000.000      4.91540198      0.64081033        869.55888438
Pd        -2  -2  -4     300.000  200000.000      4.17380617      0.59873924       1022.26185468
Pd         2  -2  -4     300.000  200000.000      4.17380617      0.59873924       1022.26185468
Pd        -2   2  -4     300.000  200000.000      4.17380617      0.59873924       1022.26185468
Pd         2   2  -4     300.000  200000.000      4.17380617      0.59873924       1022.26185468
Pd        -2  -4  -2     300.000  200000.000      4.17380617      0.59873924       1022.26185468
Pd         2  -4  -2     300.000  200000.000      4.17380617      0.59873924       1022.26185468
Pd        -4  -2  -2     300.000  200000.000      4.17380617      0.59873924       1022.26185468
Pd         4  -2  -2     300.000  200000.000      4.17380617      0.59873924       1022.26185468
Pd        -4   2  -2     300.000  200000.000      4.17380617      0.59873924       1022.26185468
Pd         4   2  -2     300.000  200000.000      4.17380617      0.59873924       1022.26185468
Pd        -2   4  -2     300.000  200000.000      4.17380617      0.59873924       1022.26185468
Pd         2   4  -2     300.000  200000.000      4.17380617      0.59873924       1022.26185468
Pd        -2  -4   2     300.000  200000.000      4.17380617      0.59873924       1022.26185468
Pd         2  -4   2     300.000  200000.000      4.17380617      0.59873924       1022.26185468
Pd        -4  -2   2     300.000  200000.000      4.17380617      0.59873924       1022.26185468
Pd         4  -2   2     300.000  200000.000      4.17380617      0.59873924       1022.26185468
Pd        -4   2   2     300.000  200000.000      4.17380617      0.59873924       1022.26185468
Pd         4   2   2     300.000  200000.000      4.17380617      0.59873924       1022.26185468
Pd        -2   4   2     300.000  200000.000      4.17380617      0.59873924       1022.26185468
Pd         2   4   2     300.000  200000.000      4.17380617      0.59873924       1022.26185468
Pd        -2  -2   4     300.000  200000.000      4.17380617      0.59873924       1022.26185468
Pd         2  -2   4     300.000  200000.000      4.17380617      0.59873924       1022.26185468
Pd        -2   2   4     300.000  200000.000      4.17380617      0.59873924       1022.26185468
Pd         2   2   4     300.000  200000.000      4.17380617      0.59873924       1022.26185468
Pd        -1  -1  -5     300.000  200000.000      3.73807985      0.56960831       1139.94685009
Pd        -3  -3  -3     300.000  200000.000      3.73807985      0.56960831       1139.94685009
Pd        -1  -5  -1     300.000  200000.000      3.73807985      0.56960831       1139.94685009
Pd        -5  -1  -1     300.000  200000.000      3.73807985      0.56960831       1139.94685009
Pd         5   1   1     300.000  200000.000      3.73807985      0.56960831       1139.94685009
Pd         1   5   1     300.000  200000.000      3.73807985      0.56960831       1139.94685009
Pd         3   3   3     300.000  200000.000      3.73807985      0.56960831       1139.94685009
Pd         1   1   5     300.000  200000.000      3.73807985      0.56960831       1139.94685009
Pd         0  -4  -4     300.000  200000.000      3.16546981      0.52505425       1343.33970775
Pd        -4   0  -4     300.000  200000.000      3.16546981      0.52505425       1343.33970775
Pd         4   0  -4     300.000  200000.000      3.16546981      0.52505425       1343.33970775
Pd         0   4  -4     300.000  200000.000      3.16546981      0.52505425       1343.33970775
Pd        -4  -4   0     300.000  200000.000      3.16546981      0.52505425       1343.33970775
Pd         4  -4   0     300.000  200000.000      3.16546981      0.52505425       1343.33970775
Pd        -4   4   0     300.000  200000.000      3.16546981      0.52505425       1343.33970775
Pd         4   4   0     300.000  200000.000      3.16546981      0.52505425       1343.33970775
Pd         0  -4   4     300.000  200000.000      3.16546981      0.52505425       1343.33970775
Pd        -4   0   4     300.000  200000.000      3.16546981      0.52505425       1343.33970775
Pd         4   0   4     300.000  200000.000      3.16546981      0.52505425       1343.33970775
Pd         0   4   4     300.000  200000.000      3.16546981      0.52505425       1343.33970775
Pd        -1  -3  -5     300.000  200000.000      2.88840107      0.50044125       1470.40702664
Pd        -3  -1  -5     300.000  200000.000      2.88840107      0.50044125       1470.40702664
Pd        -1  -5  -3     300.000  200000.000      2.88840107      0.50044125       1470.40702664
Pd        -5  -1  -3     300.000  200000.000      2.88840107      0.50044125       1470.40702664
Pd        -3  -5  -1     300.000  200000.000      2.88840107      0.50044125       1470.40702664
Pd        -5  -3  -1     300.000  200000.000      2.88840107      0.50044125       1470.40702664
Pd         5   3   1     300.000  200000.000      2.88840107      0.50044125       1470.40702664
Pd         3   5   1     300.000  200000.000      2.88840107      0.50044125       1470.40702664
Pd         5   1   3     300.000  200000.000      2.88840107      0.50044125       1470.40702664
Pd         1   5   3     300.000  200000.000      2.88840107      0.50044125       1470.40702664
Pd         3   1   5     300.000  200000.000      2.88840107      0.50044125       1470.40702664
Pd         1   3   5     300.000  200000.000      2.88840107      0.50044125       1470.40702664
Pd         0   0  -6     300.000  200000.000      2.80470608      0.49255746       1513.68063444
Pd        -2  -4  -4     300.000  200000.000      2.80470608      0.49255746       1513.68063444
Pd         2  -4  -4     300.000  200000.000      2.80470608      0.49255746       1513.68063444
Pd        -4  -2  -4     300.000  200000.000      2.80470608      0.49255746       1513.68063444
Pd         4  -2  -4     300.000  200000.000      2.80470608      0.49255746       1513.68063444
Pd        -4   2  -4     300.000  200000.000      2.80470608      0.49255746       1513.68063444
Pd         4   2  -4     300.000  200000.000      2.80470608      0.49255746       1513.68063444
Pd        -2   4  -4     300.000  200000.000      2.80470608      0.49255746       1513.68063444
Pd         2   4  -4     300.000  200000.000      2.80470608      0.49255746       1513.68063444
Pd        -4  -4  -2     300.000  200000.000      2.80470608      0.49255746       1513.68063444
Pd         4  -4  -2     300.000  200000.000      2.80470608      0.49255746       1513.68063444
Pd        -4   4  -2     300.000  200000.000      2.80470608      0.49255746       1513.68063444
Pd         4   4  -2     300.000  200000.000      2.80470608      0.49255746       1513.68063444
Pd         0  -6   0     300.000  200000.000      2.80470608      0.49255746       1513.68063444
Pd        -6   0   0     300.000  200000.000      2.80470608      0.49255746       1513.68063444
Pd         6   0   0     300.000  200000.000      2.80470608      0.49255746       1513.68063444
Pd         0   6   0     300.000  200000.000      2.80470608      0.49255746       1513.68063444
Pd        -4  -4   2     300.000  200000.000      2.80470608      0.49255746       1513.68063444
Pd         4  -4   2     300.000  200000.000      2.80470608      0.49255746       1513.68063444
Pd        -4   4   2     300.000  200000.000      2.80470608      0.49255746       1513.68063444
Pd         4   4   2     300.000  200000.000      2.80470608      0.49255746       1513.68063444
Pd        -2  -4   4     300.000  200000.000      2.80470608      0.49255746       1513.68063444
Pd         2  -4   4     300.000  200000.000      2.80470608      0.49255746       1513.68063444
Pd        -4  -2   4     300.000  200000.000      2.80470608      0.49255746       1513.68063444
Pd         4  -2   4     300.000  200000.000      2.80470608      0.49255746       1513.68063444
Pd        -4   2   4     300.000  200000.000      2.80470608      0.49255746       1513.68063444
Pd         4   2   4     300.000  200000.000      2.80470608      0.49255746       1513.68063444
Pd        -2   4   4     300.000  200000.000      2.80470608      0.49255746       1513.68063444
Pd         2   4   4     300.000  200000.000      2.80470608      0.49255746       1513.68063444
Pd         0   0   6     300.000  200000.000      2.80470608      0.49255746       1513.68063444
Pd         0  -2  -6     300.000  200000.000      2.50574842      0.46250098       1691.63060910
Pd        -2   0  -6     300.000  200000.000      2.50574842      0.46250098       1691.63060910
Pd         2   0  -6     300.000  200000.000      2.50574842      0.46250098       1691.63060910
Pd         0   2  -6     300.000  200000.000      2.50574842      0.46250098       1691.63060910
Pd         0  -6  -2     300.000  200000.000      2.50574842      0.46250098       1691.63060910
Pd        -6   0  -2     300.000  200000.000      2.50574842      0.46250098       1691.63060910
Pd         6   0  -2     300.000  200000.000      2.50574842      0.46250098       1691.63060910
Pd         0   6  -2     300.000  200000.000      2.50574842      0.46250098       1691.63060910
Pd        -2  -6   0     300.000  200000.000      2.50574842      0.46250098       1691.63060910
Pd         2  -6   0     300.000  200000.000      2.50574842      0.46250098       1691.63060910
Pd        -6  -2   0     300.000  200000.000      2.50574842      0.46250098       1691.63060910
Pd         6  -2   0     300.000  200000.000      2.50574842      0.46250098       1691.63060910
Pd        -6   2   0     300.000  200000.000      2.50574842      0.46250098       1691.63060910
Pd         6   2   0     300.000  200000.000      2.50574842      0.46250098       1691.63060910
Pd        -2   6   0     300.000  200000.000      2.50574842      0.46250098       1691.63060910
Pd         2   6   0     300.000  200000.000      2.50574842      0.46250098       1691.63060910
Pd         0  -6   2     300.000  200000.000      2.50574842      0.46250098       1691.63060910
Pd        -6   0   2     300.000  200000.000      2.50574842      0.46250098       1691.63060910
Pd         6   0   2     300.000  200000.000      2.50574842      0.46250098       1691.63060910
Pd         0   6   2     300.000  200000.000      2.50574842      0.46250098       1691.63060910
Pd         0  -2   6     300.000  200000.000      2.50574842      0.46250098       1691.63060910
Pd        -2   0   6     300.000  200000.000      2.50574842      0.46250098       1691.63060910
Pd         2   0   6     300.000  200000.000      2.50574842      0.46250098       1691.63060910
Pd         0   2   6     300.000  200000.000      2.50574842      0.46250098       1691.63060910
Pd        -3  -3  -5     300.000  200000.000      2.31316043      0.44139643       1830.39833679
Pd        -3  -5  -3     300.000  200000.000      2.31316043      0.44139643       1830.39833679
Pd        -5  -3  -3     300.000  200000.000      2.31316043      0.44139643       1830.39833679
Pd         5   3   3     300.000  200000.000      2.31316043      0.44139643       1830.39833679
Pd         3   5   3     300.000  200000.000      2.31316043      0.44139643       1830.39833679
Pd         3   3   5     300.000  200000.000      2.31316043      0.44139643       1830.39833679
Pd        -2  -2  -6     300.000  200000.000      2.25406374      0.43461569       1877.69437802
Pd         2  -2  -6     300.000  200000.000      2.25406374      0.43461569       1877.69437802
Pd        -2   2  -6     300.000  200000.000      2.25406374      0.43461569       1877.69437802
Pd         2   2  -6     300.000  200000.000      2.25406374      0.43461569       1877.69437802
Pd        -2  -6  -2     300.000  200000.000      2.25406374      0.43461569       1877.69437802
Pd         2  -6  -2     300.000  200000.000      2.25406374      0.43461569       1877.69437802
Pd        -6  -2  -2     300.000  200000.000      2.25406374      0.43461569       1877.69437802
Pd         6  -2  -2     300.000  200000.000      2.25406374      0.43461569       1877.69437802
Pd        -6   2  -2     300.000  200000.000      2.25406374      0.43461569       1877.69437802
Pd         6   2  -2     300.000  200000.000      2.25406374      0.43461569       1877.69437802
Pd        -2   6  -2     300.000  200000.000      2.25406374      0.43461569       1877.69437802
Pd         2   6  -2     300.000  200000.000      2.25406374      0.43461569       1877.69437802
Pd        -2  -6   2     300.000  200000.000      2.25406374      0.43461569       1877.69437802
Pd         2  -6   2     300.000  200000.000      2.25406374      0.43461569       1877.69437802
Pd        -6  -2   2     300.000  200000.000      2.25406374      0.43461569       1877.69437802
Pd         6  -2   2     300.000  200000.000      2.25406374      0.43461569       1877.69437802
Pd        -6   2   2     300.000  200000.000      2.25406374      0.43461569       1877.69437802
Pd         6   2   2     300.000  200000.000      2.25406374      0.43461569       1877.69437802
Pd        -2   6   2     300.000  200000.000      2.25406374      0.43461569       1877.69437802
Pd         2   6   2     300.000  200000.000      2.25406374      0.43461569       1877.69437802
Pd        -2  -2   6     300.000  200000.000      2.25406374      0.43461569       1877.69437802
Pd         2  -2   6     300.000  200000.000      2.25406374      0.43461569       1877.69437802
Pd        -2   2   6     300.000  200000.000      2.25406374      0.43461569       1877.69437802
Pd         2   2   6     300.000  200000.000      2.25406374      0.43461569       1877.69437802
Pd        -4  -4  -4     300.000  200000.000      2.03959192      0.40867649       2072.17575788
Pd         4  -4  -4     300.000  200000.000      2.03959192      0.40867649       2072.17575788
Pd        -4   4  -4     300.000  200000.000      2.03959192      0.40867649       2072.17575788
Pd         4   4  -4     300.000  200000.000      2.03959192      0.40867649       2072.17575788
Pd        -4  -4   4     300.000  200000.000      2.03959192      0.40867649       2072.17575788
Pd         4  -4   4     300.000  200000.000      2.03959192      0.40867649       2072.17575788
Pd        -4   4   4     300.000  200000.000      2.03959192      0.40867649       2072.17575788
Pd         4   4   4     300.000  200000.000      2.03959192      0.40867649       2072.17575788
Pd        -1  -1  -7     300.000  200000.000      1.89870324      0.39038371       2223.66648603
Pd        -1  -5  -5     300.000  200000.000      1.89870324      0.39038371       2223.66648603
Pd        -5  -1  -5     300.000  200000.000      1.89870324      0.39038371       2223.66648603
Pd        -1  -7  -1     300.000  200000.000      1.89870324      0.39038371       2223.66648603
Pd        -5  -5  -1     300.000  200000.000      1.89870324      0.39038371       2223.66648603
Pd        -7  -1  -1     300.000  200000.000      1.89870324      0.39038371       2223.66648603
Pd         7   1   1     300.000  200000.000      1.89870324      0.39038371       2223.66648603
Pd         5   5   1     300.000  200000.000      1.89870324      0.39038371       2223.66648603
Pd         1   7   1     300.000  200000.000      1.89870324      0.39038371       2223.66648603
Pd         5   1   5     300.000  200000.000      1.89870324      0.39038371       2223.66648603
Pd         1   5   5     300.000  200000.000      1.89870324      0.39038371       2223.66648603
Pd         1   1   7     300.000  200000.000      1.89870324      0.39038371       2223.66648603
Pd         0  -4  -6     300.000  200000.000      1.85504966      0.38449321       2275.24517639
Pd        -4   0  -6     300.000  200000.000      1.85504966      0.38449321       2275.24517639
Pd         4   0  -6     300.000  200000.000      1.85504966      0.38449321       2275.24517639
Pd         0   4  -6     300.000  200000.000      1.85504966      0.38449321       2275.24517639
Pd         0  -6  -4     300.000  200000.000      1.85504966      0.38449321       2275.24517639
Pd        -6   0  -4     300.000  200000.000      1.85504966      0.38449321       2275.24517639
Pd         6   0  -4     300.000  200000.000      1.85504966      0.38449321       2275.24517639
Pd         0   6  -4     300.000  200000.000      1.85504966      0.38449321       2275.24517639
Pd        -4  -6   0     300.000  200000.000      1.85504966      0.38449321       2275.24517639
Pd         4  -6   0     300.000  200000.000      1.85504966      0.38449321       2275.24517639
Pd        -6  -4   0     300.000  200000.000      1.85504966      0.38449321       2275.24517639
Pd         6  -4   0     300.000  200000.000      1.85504966      0.38449321       2275.24517639
Pd        -6   4   0     300.000  200000.000      1.85504966      0.38449321       2275.24517639
Pd         6   4   0     300.000  200000.000      1.85504966      0.38449321       2275.24517639
Pd        -4   6   0     300.000  200000.000      1.85504966      0.38449321       2275.24517639
Pd         4   6   0     300.000  200000.000      1.85504966      0.38449321       2275.24517639
Pd         0  -6   4     300.000  200000.000      1.85504966      0.38449321       2275.24517639
Pd        -6   0   4     300.000  200000.000      1.85504966      0.38449321       2275.24517639
Pd         6   0   4     300.000  200000.000      1.85504966      0.38449321       2275.24517639
Pd         0   6   4     300.000  200000.000      1.85504966      0.38449321       2275.24517639
Pd         0  -4   6     300.000  200000.000      1.85504966      0.38449321       2275.24517639
Pd        -4   0   6     300.000  200000.000      1.85504966      0.38449321       2275.24517639
Pd         4   0   6     300.000  200000.000      1.85504966      0.38449321       2275.24517639
Pd         0   4   6     300.000  200000.000      1.85504966      0.38449321       2275.24517639
Pd        -2  -4  -6     300.000  200000.000      1.69496350      0.36190359       2487.00494632
Pd         2  -4  -6     300.000  200000.000      1.69496350      0.36190359       2487.00494632
Pd        -4  -2  -6     300.000  200000.000      1.69496350      0.36190359       2487.00494632
Pd         4  -2  -6     300.000  200000.000      1.69496350      0.36190359       2487.00494632
Pd        -4   2  -6     300.000  200000.000      1.69496350      0.36190359       2487.00494632
Pd         4   2  -6     300.000  200000.000      1.69496350      0.36190359       2487.00494632
Pd        -2   4  -6     300.000  200000.000      1.69496350      0.36190359       2487.00494632
Pd         2   4  -6     300.000  200000.000      1.69496350      0.36190359       2487.00494632
Pd        -2  -6  -4     300.000  200000.000      1.69496350      0.36190359       2487.00494632
Pd         2  -6  -4     300.000  200000.000      1.69496350      0.36190359       2487.00494632
Pd        -6  -2  -4     300.000  200000.000      1.69496350      0.36190359       2487.00494632
Pd         6  -2  -4     300.000  200000.000      1.69496350      0.36190359       2487.00494632
Pd        -6   2  -4     300.000  200000.000      1.69496350      0.36190359       2487.00494632
Pd         6   2  -4     300.000  200000.000      1.69496350      0.36190359       2487.00494632
Pd        -2   6  -4     300.000  200000.000      1.69496350      0.36190359       2487.00494632
Pd         2   6  -4     300.000  200000.000      1.69496350      0.36190359       2487.00494632
Pd        -4  -6  -2     300.000  200000.000      1.69496350      0.36190359       2487.00494632
Pd         4  -6  -2     300.000  200000.000      1.69496350      0.36190359       2487.00494632
Pd        -6  -4  -2     300.000  200000.000      1.69496350      0.36190359       2487.00494632
Pd         6  -4  -2     300.000  200000.000      1.69496350      0.36190359       2487.00494632
Pd        -6   4  -2     300.000  200000.000      1.69496350      0.36190359       2487.00494632
Pd         6   4  -2     300.000  200000.000      1.69496350      0.36190359       2487.00494632
Pd        -4   6  -2     300.000  200000.000      1.69496350      0.36190359       2487.00494632
Pd         4   6  -2     300.000  200000.000      1.69496350      0.36190359       2487.00494632
Pd        -4  -6   2     300.000  200000.000      1.69496350      0.36190359       2487.00494632
Pd         4  -6   2     300.000  200000.000      1.69496350      0.36190359       2487.00494632
Pd        -6  -4   2     300.000  200000.000      1.69496350      0.36190359       2487.00494632
Pd         6  -4   2     300.000  200000.000      1.69496350      0.36190359       2487.00494632
Pd        -6   4   2     300.000  200000.000      1.69496350      0.36190359       2487.00494632
Pd         6   4   2     300.000  200000.000      1.69496350      0.36190359       2487.00494632
Pd        -4   6   2     300.000  200000.000      1.69496350      0.36190359       2487.00494632
Pd         4   6   2     300.000  200000.000      1.69496350      0.36190359       2487.00494632
Pd        -2  -6   4     300.000  200000.000      1.69496350      0.36190359       2487.00494632
Pd         2  -6   4     300.000  200000.000      1.69496350      0.36190359       2487.00494632
Pd        -6  -2   4     300.000  200000.000      1.69496350      0.36190359       2487.00494632
Pd         6  -2   4     300.000  200000.000      1.69496350      0.36190359       2487.00494632
Pd        -6   2   4     300.000  200000.000      1.69496350      0.36190359       2487.00494632
Pd         6   2   4     300.000  200000.000      1.69496350      0.36190359       2487.00494632
Pd        -2   6   4     300.000  200000.000      1.69496350      0.36190359       2487.00494632
Pd         2   6   4     300.000  200000.000      1.69496350      0.36190359       2487.00494632
Pd        -2  -4   6     300.000  200000.000      1.69496350      0.36190359       2487.00494632
Pd         2  -4   6     300.000  200000.000      1.69496350      0.36190359       2487.00494632
Pd        -4  -2   6     300.000  200000.000      1.69496350      0.36190359       2487.00494632
Pd         4  -2   6     300.000  200000.000      1.69496350      0.36190359       2487.00494632
Pd        -4   2   6     300.000  200000.000      1.69496350      0.36190359       2487.00494632
Pd         4   2   6     300.000  200000.000      1.69496350      0.36190359       2487.00494632
Pd        -2   4   6     300.000  200000.000      1.69496350      0.36190359       2487.00494632
Pd         2   4   6     300.000  200000.000      1.69496350      0.36190359       2487.00494632
Pd        -1  -3  -7     300.000  200000.000      1.58836497      0.34592239       2651.57993815
Pd        -3  -1  -7     300.000  200000.000      1.58836497      0.34592239       2651.57993815
Pd        -3  -5  -5     300.000  200000.000      1.58836497      0.34592239       2651.57993815
Pd        -5  -3  -5     300.000  200000.000      1.58836497      0.34592239       2651.57993815
Pd        -1  -7  -3     300.000  200000.000      1.58836497      0.34592239       2651.57993815
Pd        -5  -5  -3     300.000  200000.000      1.58836497      0.34592239       2651.57993815
Pd        -7  -1  -3     300.000  200000.000      1.58836497      0.34592239       2651.57993815
Pd        -3  -7  -1     300.000  200000.000      1.58836497      0.34592239       2651.57993815
Pd        -7  -3  -1     300.000  200000.000      1.58836497      0.34592239       2651.57993815
Pd         7   3   1     300.000  200000.000      1.58836497      0.34592239       2651.57993815
Pd         3   7   1     300.000  200000.000      1.58836497      0.34592239       2651.57993815
Pd         7   1   3     300.000  200000.000      1.58836497      0.34592239       2651.57993815
Pd         5   5   3     300.000  200000.000      1.58836497      0.34592239       2651.57993815
Pd         1   7   3     300.000  200000.000      1.58836497      0.34592239       2651.57993815
Pd         5   3   5     300.000  200000.000      1.58836497      0.34592239       2651.57993815
Pd         3   5   5     300.000  200000.000      1.58836497      0.34592239       2651.57993815
Pd         3   1   7     300.000  200000.000      1.58836497      0.34592239       2651.57993815
Pd         1   3   7     300.000  200000.000      1.58836497      0.34592239       2651.57993815
Pd         0   0  -8     300.000  200000.000      1.43210783      0.32096435       2936.97133087
Pd         0  -8   0     300.000  200000.000      1.43210783      0.32096435       2936.97133087
Pd        -8   0   0     300.000  200000.000      1.43210783      0.32096435       2936.97133087
Pd         8   0   0     300.000  200000.000      1.43210783      0.32096435       2936.97133087
Pd         0   8   0     300.000  200000.000      1.43210783      0.32096435       2936.97133087
Pd         0   0   8     300.000  200000.000      1.43210783      0.32096435       2936.97133087
Pd        -3  -3  -7     300.000  200000.000      1.34930086      0.30692144       3114.97354432
Pd        -3  -7  -3     300.000  200000.000      1.34930086      0.30692144       3114.97354432
Pd        -7  -3  -3     300.000  200000.000      1.34930086      0.30692144       3114.97354432
Pd         7   3   3     300.000  200000.000      1.34930086      0.30692144       3114.97354432
Pd         3   7   3     300.000  200000.000      1.34930086      0.30692144       3114.97354432
Pd         3   3   7     300.000  200000.000      1.34930086      0.30692144       3114.97354432
Pd         0  -2  -8     300.000  200000.000      1.32330261      0.30238655       3175.45467216
Pd        -2   0  -8     300.000  200000.000      1.32330261      0.30238655       3175.45467216
Pd         2   0  -8     300.000  200000.000      1.32330261      0.30238655       3175.45467216
Pd         0   2  -8     300.000  200000.000      1.32330261      0.30238655       3175.45467216
Pd        -4  -4  -6     300.000  200000.000      1.32330261      0.30238655       3175.45467216
Pd         4  -4  -6     300.000  200000.000      1.32330261      0.30238655       3175.45467216
Pd        -4   4  -6     300.000  200000.000      1.32330261      0.30238655       3175.45467216
Pd         4   4  -6     300.000  200000.000      1.32330261      0.30238655       3175.45467216
Pd        -4  -6  -4     300.000  200000.000      1.32330261      0.30238655       3175.45467216
Pd         4  -6  -4     300.000  200000.000      1.32330261      0.30238655       3175.45467216
Pd        -6  -4  -4     300.000  200000.000      1.32330261      0.30238655       3175.45467216
Pd         6  -4  -4     300.000  200000.000      1.32330261      0.30238655       3175.45467216
Pd        -6   4  -4     300.000  200000.000      1.32330261      0.30238655       3175.45467216
Pd         6   4  -4     300.000  200000.000      1.32330261      0.30238655       3175.45467216
Pd        -4   6  -4     300.000  200000.000      1.32330261      0.30238655       3175.45467216
Pd         4   6  -4     300.000  200000.000      1.32330261      0.30238655       3175.45467216
Pd         0  -8  -2     300.000  200000.000      1.32330261      0.30238655       3175.45467216
Pd        -8   0  -2     300.000  200000.000      1.32330261      0.30238655       3175.45467216
Pd         8   0  -2     300.000  200000.000      1.32330261      0.30238655       3175.45467216
Pd         0   8  -2     300.000  200000.000      1.32330261      0.30238655       3175.45467216
Pd        -2  -8   0     300.000  200000.000      1.32330261      0.30238655       3175.45467216
Pd         2  -8   0     300.000  200000.000      1.32330261      0.30238655       3175.45467216
Pd        -8  -2   0     300.000  200000.000      1.32330261      0.30238655       3175.45467216
Pd         8  -2   0     300.000  200000.000      1.32330261      0.30238655       3175.45467216
Pd        -8   2   0     300.000  200000.000      1.32330261      0.30238655       3175.45467216
Pd         8   2   0     300.000  200000.000      1.32330261      0.30238655       3175.45467216
Pd        -2   8   0     300.000  200000.000      1.32330261      0.30238655       3175.45467216
Pd         2   8   0     300.000  200000.000      1.32330261      0.30238655       3175.45467216
Pd         0  -8   2     300.000  200000.000      1.32330261      0.30238655       3175.45467216
Pd        -8   0   2     300.000  200000.000      1.32330261      0.30238655       3175.45467216
Pd         8   0   2     300.000  200000.000      1.32330261      0.30238655       3175.45467216
Pd         0   8   2     300.000  200000.000      1.32330261      0.30238655       3175.45467216
Pd        -4  -6   4     300.000  200000.000      1.32330261      0.30238655       3175.45467216
Pd         4  -6   4     300.000  200000.000      1.32330261      0.30238655       3175.45467216
Pd        -6  -4   4     300.000  200000.000      1.32330261      0.30238655       3175.45467216
Pd         6  -4   4     300.000  200000.000      1.32330261      0.30238655       3175.45467216
Pd        -6   4   4     300.000  200000.000      1.32330261      0.30238655       3175.45467216
Pd         6   4   4     300.000  200000.000      1.32330261      0.30238655       3175.45467216
Pd        -4   6   4     300.000  200000.000      1.32330261      0.30238655       3175.45467216
Pd         4   6   4     300.000  200000.000      1.32330261      0.30238655       3175.45467216
Pd        -4  -4   6     300.000  200000.000      1.32330261      0.30238655       3175.45467216
Pd         4  -4   6     300.000  200000.000      1.32330261      0.30238655       3175.45467216
Pd        -4   4   6     300.000  200000.000      1.32330261      0.30238655       3175.45467216
Pd         4   4   6     300.000  200000.000      1.32330261      0.30238655       3175.45467216
Pd         0  -2   8     300.000  200000.000      1.32330261      0.30238655       3175.45467216
Pd        -2   0   8     300.000  200000.000      1.32330261      0.30238655       3175.45467216
Pd         2   0   8     300.000  200000.000      1.32330261      0.30238655       3175.45467216
Pd         0   2   8     300.000  200000.000      1.32330261      0.30238655       3175.45467216
Pd        -2  -2  -8     300.000  200000.000      1.22650028      0.28494016       3423.22411721
Pd         2  -2  -8     300.000  200000.000      1.22650028      0.28494016       3423.22411721
Pd        -2   2  -8     300.000  200000.000      1.22650028      0.28494016       3423.22411721
Pd         2   2  -8     300.000  200000.000      1.22650028      0.28494016       3423.22411721
Pd         0  -6  -6     300.000  200000.000      1.22650028      0.28494016       3423.22411721
Pd        -6   0  -6     300.000  200000.000      1.22650028      0.28494016       3423.22411721
Pd         6   0  -6     300.000  200000.000      1.22650028      0.28494016       3423.22411721
Pd         0   6  -6     300.000  200000.000      1.22650028      0.28494016       3423.22411721
Pd        -2  -8  -2     300.000  200000.000      1.22650028      0.28494016       3423.22411721
Pd         2  -8  -2     300.000  200000.000      1.22650028      0.28494016       3423.22411721
Pd        -8  -2  -2     300.000  200000.000      1.22650028      0.28494016       3423.22411721
Pd         8  -2  -2     300.000  200000.000      1.22650028      0.28494016       3423.22411721
Pd        -8   2  -2     300.000  200000.000      1.22650028      0.28494016       3423.22411721
Pd         8   2  -2     300.000  200000.000      1.22650028      0.28494016       3423.22411721
Pd        -2   8  -2     300.000  200000.000      1.22650028      0.28494016       3423.22411721
Pd         2   8  -2     300.000  200000.000      1.22650028      0.28494016       3423.22411721
Pd        -6  -6   0     300.000  200000.000      1.22650028      0.28494016       3423.22411721
Pd         6  -6   0     300.000  200000.000      1.22650028      0.28494016       3423.22411721
Pd        -6   6   0     300.000  200000.000      1.22650028      0.28494016       3423.22411721
Pd         6   6   0     300.000  200000.000      1.22650028      0.28494016       3423.22411721
Pd        -2  -8   2     300.000  200000.000      1.22650028      0.28494016       3423.22411721
Pd         2  -8   2     300.000  200000.000      1.22650028      0.28494016       3423.22411721
Pd        -8  -2   2     300.000  200000.000      1.22650028      0.28494016       3423.22411721
Pd         8  -2   2     300.000  200000.000      1.22650028      0.28494016       3423.22411721
Pd        -8   2   2     300.000  200000.000      1.22650028      0.28494016       3423.22411721
Pd         8   2   2     300.000  200000.000      1.22650028      0.28494016       3423.22411721
Pd        -2   8   2     300.000  200000.000      1.22650028      0.28494016       3423.22411721
Pd         2   8   2     300.000  200000.000      1.22650028      0.28494016       3423.22411721
Pd         0  -6   6     300.000  200000.000      1.22650028      0.28494016       3423.22411721
Pd        -6   0   6     300.000  200000.000      1.22650028      0.28494016       3423.22411721
Pd         6   0   6     300.000  200000.000      1.22650028      0.28494016       3423.22411721
Pd         0   6   6     300.000  200000.000      1.22650028      0.28494016       3423.22411721
Pd        -2  -2   8     300.000  200000.000      1.22650028      0.28494016       3423.22411721
Pd         2  -2   8     300.000  200000.000      1.22650028      0.28494016       3423.22411721
Pd        -2   2   8     300.000  200000.000      1.22650028      0.28494016       3423.22411721
Pd         2   2   8     300.000  200000.000      1.22650028      0.28494016       3423.22411721
Pd        -5  -5  -5     300.000  200000.000      1.16068784      0.27254698       3615.32645977
Pd         5   5   5     300.000  200000.000      1.16068784      0.27254698       3615.32645977
Pd        -1  -5  -7     300.000  200000.000      1.16068784      0.27254698       3615.32645977
Pd        -5  -1  -7     300.000  200000.000      1.16068784      0.27254698       3615.32645977
Pd        -1  -7  -5     300.000  200000.000      1.16068784      0.27254698       3615.32645977
Pd        -7  -1  -5     300.000  200000.000      1.16068784      0.27254698       3615.32645977
Pd        -5  -7  -1     300.000  200000.000      1.16068784      0.27254698       3615.32645977
Pd        -7  -5  -1     300.000  200000.000      1.16068784      0.27254698       3615.32645977
Pd         7   5   1     300.000  200000.000      1.16068784      0.27254698       3615.32645977
Pd         5   7   1     300.000  200000.000      1.16068784      0.27254698       3615.32645977
Pd         7   1   5     300.000  200000.000      1.16068784      0.27254698       3615.32645977
Pd         1   7   5     300.000  200000.000      1.16068784      0.27254698       3615.32645977
Pd         5   1   7     300.000  200000.000      1.16068784      0.27254698       3615.32645977
Pd         1   5   7     300.000  200000.000      1.16068784      0.27254698       3615.32645977
Pd        -2  -6  -6     300.000  200000.000      1.13991363      0.26854118       3680.58576863
Pd         2  -6  -6     300.000  200000.000      1.13991363      0.26854118       3680.58576863
Pd        -6  -2  -6     300.000  200000.000      1.13991363      0.26854118       3680.58576863
Pd         6  -2  -6     300.000  200000.000      1.13991363      0.26854118       3680.58576863
Pd        -6   2  -6     300.000  200000.000      1.13991363      0.26854118       3680.58576863
Pd         6   2  -6     300.000  200000.000      1.13991363      0.26854118       3680.58576863
Pd        -2   6  -6     300.000  200000.000      1.13991363      0.26854118       3680.58576863
Pd         2   6  -6     300.000  200000.000      1.13991363      0.26854118       3680.58576863
Pd        -6  -6  -2     300.000  200000.000      1.13991363      0.26854118       3680.58576863
Pd         6  -6  -2     300.000  200000.000      1.13991363      0.26854118       3680.58576863
Pd        -6   6  -2     300.000  200000.000      1.13991363      0.26854118       3680.58576863
Pd         6   6  -2     300.000  200000.000      1.13991363      0.26854118       3680.58576863
Pd        -6  -6   2     300.000  200000.000      1.13991363      0.26854118       3680.58576863
Pd         6  -6   2     300.000  200000.000      1.13991363      0.26854118       3680.58576863
Pd        -6   6   2     300.000  200000.000      1.13991363      0.26854118       3680.58576863
Pd         6   6   2     300.000  200000.000      1.13991363      0.26854118       3680.58576863
Pd        -2  -6   6     300.000  200000.000      1.13991363      0.26854118       3680.58576863
Pd         2  -6   6     300.000  200000.000      1.13991363      0.26854118       3680.58576863
Pd        -6  -2   6     300.000  200000.000      1.13991363      0.26854118       3680.58576863
Pd         6  -2   6     300.000  200000.000      1.13991363      0.26854118       3680.58576863
Pd        -6   2   6     300.000  200000.000      1.13991363      0.26854118       3680.58576863
Pd         6   2   6     300.000  200000.000      1.13991363      0.26854118       3680.58576863
Pd        -2   6   6     300.000  200000.000      1.13991363      0.26854118       3680.58576863
Pd         2   6   6     300.000  200000.000      1.13991363      0.26854118       3680.58576863
Pd         0  -4  -8     300.000  200000.000      1.06207012      0.25311430       3947.92225016
Pd        -4   0  -8     300.000  200000.000      1.06207012      0.25311430       3947.92225016
Pd         4   0  -8     300.000  200000.000      1.06207012      0.25311430       3947.92225016
Pd         0   4  -8     300.000  200000.000      1.06207012      0.25311430       3947.92225016
Pd         0  -8  -4     300.000  200000.000      1.06207012      0.25311430       3947.92225016
Pd        -8   0  -4     300.000  200000.000      1.06207012      0.25311430       3947.92225016
Pd         8   0  -4     300.000  200000.000      1.06207012      0.25311430       3947.92225016
Pd         0   8  -4     300.000  200000.000      1.06207012      0.25311430       3947.92225016
Pd        -4  -8   0     300.000  200000.000      1.06207012      0.25311430       3947.92225016
Pd         4  -8   0     300.000  200000.000      1.06207012      0.25311430       3947.92225016
Pd        -8  -4   0     300.000  200000.000      1.06207012      0.25311430       3947.92225016
Pd         8  -4   0     300.000  200000.000      1.06207012      0.25311430       3947.92225016
Pd        -8   4   0     300.000  200000.000      1.06207012      0.25311430       3947.92225016
Pd         8   4   0     300.000  200000.000      1.06207012      0.25311430       3947.92225016
Pd        -4   8   0     300.000  200000.000      1.06207012      0.25311430       3947.92225016
Pd         4   8   0     300.000  200000.000      1.06207012      0.25311430       3947.92225016
Pd         0  -8   4     300.000  200000.000      1.06207012      0.25311430       3947.92225016
Pd        -8   0   4     300.000  200000.000      1.06207012      0.25311430       3947.92225016
Pd         8   0   4     300.000  200000.000      1.06207012      0.25311430       3947.92225016
Pd         0   8   4     300.000  200000.000      1.06207012      0.25311430       3947.92225016
Pd         0  -4   8     300.000  200000.000      1.06207012      0.25311430       3947.92225016
Pd        -4   0   8     300.000  200000.000      1.06207012      0.25311430       3947.92225016
Pd         4   0   8     300.000  200000.000      1.06207012      0.25311430       3947.92225016
Pd         0   4   8     300.000  200000.000      1.06207012      0.25311430       3947.92225016
Pd        -1  -1  -9     300.000  200000.000      1.00868351      0.24214095       4155.24284032
Pd        -1  -9  -1     300.000  200000.000      1.00868351      0.24214095       4155.24284032
Pd        -9  -1  -1     300.000  200000.000      1.00868351      0.24214095       4155.24284032
Pd         9   1   1     300.000  200000.000      1.00868351      0.24214095       4155.24284032
Pd         1   9   1     300.000  200000.000      1.00868351      0.24214095       4155.24284032
Pd         1   1   9     300.000  200000.000      1.00868351      0.24214095       4155.24284032
Pd        -3  -5  -7     300.000  200000.000      1.00868351      0.24214095       4155.24284032
Pd        -5  -3  -7     300.000  200000.000      1.00868351      0.24214095       4155.24284032
Pd        -3  -7  -5     300.000  200000.000      1.00868351      0.24214095       4155.24284032
Pd        -7  -3  -5     300.000  200000.000      1.00868351      0.24214095       4155.24284032
Pd        -5  -7  -3     300.000  200000.000      1.00868351      0.24214095       4155.24284032
Pd        -7  -5  -3     300.000  200000.000      1.00868351      0.24214095       4155.24284032
Pd         7   5   3     300.000  200000.000      1.00868351      0.24214095       4155.24284032
Pd         5   7   3     300.000  200000.000      1.00868351      0.24214095       4155.24284032
Pd         7   3   5     300.000  200000.000      1.00868351      0.24214095       4155.24284032
Pd         3   7   5     300.000  200000.000      1.00868351      0.24214095       4155.24284032
Pd         5   3   7     300.000  200000.000      1.00868351      0.24214095       4155.24284032
Pd         3   5   7     300.000  200000.000      1.00868351      0.24214095       4155.24284032
Pd        -2  -4  -8     300.000  200000.000      0.99175031      0.23859156       4225.69058543
Pd         2  -4  -8     300.000  200000.000      0.99175031      0.23859156       4225.69058543
Pd        -4  -2  -8     300.000  200000.000      0.99175031      0.23859156       4225.69058543
Pd         4  -2  -8     300.000  200000.000      0.99175031      0.23859156       4225.69058543
Pd        -4   2  -8     300.000  200000.000      0.99175031      0.23859156       4225.69058543
Pd         4   2  -8     300.000  200000.000      0.99175031      0.23859156       4225.69058543
Pd        -2   4  -8     300.000  200000.000      0.99175031      0.23859156       4225.69058543
Pd         2   4  -8     300.000  200000.000      0.99175031      0.23859156       4225.69058543
Pd        -2  -8  -4     300.000  200000.000      0.99175031      0.23859156       4225.69058543
Pd         2  -8  -4     300.000  200000.000      0.99175031      0.23859156       4225.69058543
Pd        -8  -2  -4     300.000  200000.000      0.99175031      0.23859156       4225.69058543
Pd         8  -2  -4     300.000  200000.000      0.99175031      0.23859156       4225.69058543
Pd        -8   2  -4     300.000  200000.000      0.99175031      0.23859156       4225.69058543
Pd         8   2  -4     300.000  200000.000      0.99175031      0.23859156       4225.69058543
Pd        -2   8  -4     300.000  200000.000      0.99175031      0.23859156       4225.69058543
Pd         2   8  -4     300.000  200000.000      0.99175031      0.23859156       4225.69058543
Pd        -4  -8  -2     300.000  200000.000      0.99175031      0.23859156       4225.69058543
Pd         4  -8  -2     300.000  200000.000      0.99175031      0.23859156       4225.69058543
Pd        -8  -4  -2     300.000  200000.000      0.99175031      0.23859156       4225.69058543
Pd         8  -4  -2     300.000  200000.000      0.99175031      0.23859156       4225.69058543
Pd        -8   4  -2     300.000  200000.000      0.99175031      0.23859156       4225.69058543
Pd         8   4  -2     300.000  200000.000      0.99175031      0.23859156       4225.69058543
Pd        -4   8  -2     300.000  200000.000      0.99175031      0.23859156       4225.69058543
Pd         4   8  -2     300.000  200000.000      0.99175031      0.23859156       4225.69058543
Pd        -4  -8   2     300.000  200000.000      0.99175031      0.23859156       4225.69058543
Pd         4  -8   2     300.000  200000.000      0.99175031      0.23859156       4225.69058543
Pd        -8  -4   2     300.000  200000.000      0.99175031      0.23859156       4225.69058543
Pd         8  -4   2     300.000  200000.000      0.99175031      0.23859156       4225.69058543
Pd        -8   4   2     300.000  200000.000      0.99175031      0.23859156       4225.69058543
Pd         8   4   2     300.000  200000.000      0.99175031      0.23859156       4225.69058543
Pd        -4   8   2     300.000  200000.000      0.99175031      0.23859156       4225.69058543
Pd         4   8   2     300.000  200000.000      0.99175031      0.23859156       4225.69058543
Pd        -2  -8   4     300.000  200000.000      0.99175031      0.23859156       4225.69058543
Pd         2  -8   4     300.000  200000.000      0.99175031      0.23859156       4225.69058543
Pd        -8  -2   4     300.000  200000.000      0.99175031      0.23859156       4225.69058543
Pd         8  -2   4     300.000  200000.000      0.99175031      0.23859156       4225.69058543
Pd        -8   2   4     300.000  200000.000      0.99175031      0.23859156       4225.69058543
Pd         8   2   4     300.000  200000.000      0.99175031      0.23859156       4225.69058543
Pd        -2   8   4     300.000  200000.000      0.99175031      0.23859156       4225.69058543
Pd         2   8   4     300.000  200000.000      0.99175031      0.23859156       4225.69058543
Pd        -2  -4   8     300.000  200000.000      0.99175031      0.23859156       4225.69058543
Pd         2  -4   8     300.000  200000.000      0.99175031      0.23859156       4225.69058543
Pd        -4  -2   8     300.000  200000.000      0.99175031      0.23859156       4225.69058543
Pd         4  -2   8     300.000  200000.000      0.99175031      0.23859156       4225.69058543
Pd        -4   2   8     300.000  200000.000      0.99175031      0.23859156       4225.69058543
Pd         4   2   8     300.000  200000.000      0.99175031      0.23859156       4225.69058543
Pd        -2   4   8     300.000  200000.000      0.99175031      0.23859156       4225.69058543
Pd         2   4   8     300.000  200000.000      0.99175031      0.23859156       4225.69058543
Pd        -4  -6  -6     300.000  200000.000      0.92793987      0.22491136       4514.41779819
Pd         4  -6  -6     300.000  200000.000      0.92793987      0.22491136       4514.41779819
Pd        -6  -4  -6     300.000  200000.000      0.92793987      0.22491136       4514.41779819
Pd         6  -4  -6     300.000  200000.000      0.92793987      0.22491136       4514.41779819
Pd        -6   4  -6     300.000  200000.000      0.92793987      0.22491136       4514.41779819
Pd         6   4  -6     300.000  200000.000      0.92793987      0.22491136       4514.41779819
Pd        -4   6  -6     300.000  200000.000      0.92793987      0.22491136       4514.41779819
Pd         4   6  -6     300.000  200000.000      0.92793987      0.22491136       4514.41779819
Pd        -6  -6  -4     300.000  200000.000      0.92793987      0.22491136       4514.41779819
Pd         6  -6  -4     300.000  200000.000      0.92793987      0.22491136       4514.41779819
Pd        -6   6  -4     300.000  200000.000      0.92793987      0.22491136       4514.41779819
Pd         6   6  -4     300.000  200000.000      0.92793987      0.22491136       4514.41779819
Pd        -6  -6   4     300.000  200000.000      0.92793987      0.22491136       4514.41779819
Pd         6  -6   4     300.000  200000.000      0.92793987      0.22491136       4514.41779819
Pd        -6   6   4     300.000  200000.000      0.92793987      0.22491136       4514.41779819
Pd         6   6   4     300.000  200000.000      0.92793987      0.22491136       4514.41779819
Pd        -4  -6   6     300.000  200000.000      0.92793987      0.22491136       4514.41779819
Pd         4  -6   6     300.000  200000.000      0.92793987      0.22491136       4514.41779819
Pd        -6  -4   6     300.000  200000.000      0.92793987      0.22491136       4514.41779819
Pd         6  -4   6     300.000  200000.000      0.92793987      0.22491136       4514.41779819
Pd        -6   4   6     300.000  200000.000      0.92793987      0.22491136       4514.41779819
Pd         6   4   6     300.000  200000.000      0.92793987      0.22491136       4514.41779819
Pd        -4   6   6     300.000  200000.000      0.92793987      0.22491136       4514.41779819
Pd         4   6   6     300.000  200000.000      0.92793987      0.22491136       4514.41779819
Pd        -1  -3  -9     300.000  200000.000      0.88383884      0.21517017       4738.50854190
Pd        -3  -1  -9     300.000  200000.000      0.88383884      0.21517017       4738.50854190
Pd        -1  -9  -3     300.000  200000.000      0.88383884      0.21517017       4738.50854190
Pd        -9  -1  -3     300.000  200000.000      0.88383884      0.21517017       4738.50854190
Pd        -3  -9  -1     300.000  200000.000      0.88383884      0.21517017       4738.50854190
Pd        -9  -3  -1     300.000  200000.000      0.88383884      0.21517017       4738.50854190
Pd         9   3   1     300.000  200000.000      0.88383884      0.21517017       4738.50854190
Pd         3   9   1     300.000  200000.000      0.88383884      0.21517017       4738.50854190
Pd         9   1   3     300.000  200000.000      0.88383884      0.21517017       4738.50854190
Pd         1   9   3     300.000  200000.000      0.88383884      0.21517017       4738.50854190
Pd         3   1   9     300.000  200000.000      0.88383884      0.21517017       4738.50854190
Pd         1   3   9     300.000  200000.000      0.88383884      0.21517017       4738.50854190
Pd        -4  -4  -8     300.000  200000.000      0.81659550      0.19985878       5127.17357815
Pd         4  -4  -8     300.000  200000.000      0.81659550      0.19985878       5127.17357815
Pd        -4   4  -8     300.000  200000.000      0.81659550      0.19985878       5127.17357815
Pd         4   4  -8     300.000  200000.000      0.81659550      0.19985878       5127.17357815
Pd        -4  -8  -4     300.000  200000.000      0.81659550      0.19985878       5127.17357815
Pd         4  -8  -4     300.000  200000.000      0.81659550      0.19985878       5127.17357815
Pd        -8  -4  -4     300.000  200000.000      0.81659550      0.19985878       5127.17357815
Pd         8  -4  -4     300.000  200000.000      0.81659550      0.19985878       5127.17357815
Pd        -8   4  -4     300.000  200000.000      0.81659550      0.19985878       5127.17357815
Pd         8   4  -4     300.000  200000.000      0.81659550      0.19985878       5127.17357815
Pd        -4   8  -4     300.000  200000.000      0.81659550      0.19985878       5127.17357815
Pd         4   8  -4     300.000  200000.000      0.81659550      0.19985878       5127.17357815
Pd        -4  -8   4     300.000  200000.000      0.81659550      0.19985878       5127.17357815
Pd         4  -8   4     300.000  200000.000      0.81659550      0.19985878       5127.17357815
Pd        -8  -4   4     300.000  200000.000      0.81659550      0.19985878       5127.17357815
Pd         8  -4   4     300.000  200000.000      0.81659550      0.19985878       5127.17357815
Pd        -8   4   4     300.000  200000.000      0.81659550      0.19985878       5127.17357815
Pd         8   4   4     300.000  200000.000      0.81659550      0.19985878       5127.17357815
Pd        -4   8   4     300.000  200000.000      0.81659550      0.19985878       5127.17357815
Pd         4   8   4     300.000  200000.000      0.81659550      0.19985878       5127.17357815
Pd        -4  -4   8     300.000  200000.000      0.81659550      0.19985878       5127.17357815
Pd         4  -4   8     300.000  200000.000      0.81659550      0.19985878       5127.17357815
Pd        -4   4   8     300.000  200000.000      0.81659550      0.19985878       5127.17357815
Pd         4   4   8     300.000  200000.000      0.81659550      0.19985878       5127.17357815
Pd        -3  -3  -9     300.000  200000.000      0.77958477      0.19119356       5369.96006510
Pd        -3  -9  -3     300.000  200000.000      0.77958477      0.19119356       5369.96006510
Pd        -9  -3  -3     300.000  200000.000      0.77958477      0.19119356       5369.96006510
Pd         9   3   3     300.000  200000.000      0.77958477      0.19119356       5369.96006510
Pd         3   9   3     300.000  200000.000      0.77958477      0.19119356       5369.96006510
Pd         3   3   9     300.000  200000.000      0.77958477      0.19119356       5369.96006510
Pd        -1  -7  -7     300.000  200000.000      0.77958477      0.19119356       5369.96006510
Pd        -5  -5  -7     300.000  200000.000      0.77958477      0.19119356       5369.96006510
Pd        -7  -1  -7     300.000  200000.000      0.77958477      0.19119356       5369.96006510
Pd        -5  -7  -5     300.000  200000.000      0.77958477      0.19119356       5369.96006510
Pd        -7  -5  -5     300.000  200000.000      0.77958477      0.19119356       5369.96006510
Pd        -7  -7  -1     300.000  200000.000      0.77958477      0.19119356       5369.96006510
Pd         7   7   1     300.000  200000.000      0.77958477      0.19119356       5369.96006510
Pd         7   5   5     300.000  200000.000      0.77958477      0.19119356       5369.96006510
Pd         5   7   5     300.000  200000.000      0.77958477      0.19119356       5369.96006510
Pd         7   1   7     300.000  200000.000      0.77958477      0.19119356       5369.96006510
Pd         5   5   7     300.000  200000.000      0.77958477      0.19119356       5369.96006510
Pd         1   7   7     300.000  200000.000      0.77958477      0.19119356       5369.96006510
Pd         0   0 -10     300.000  200000.000      0.76775337      0.18838789       5452.55562802
Pd         0  -6  -8     300.000  200000.000      0.76775337      0.18838789       5452.55562802
Pd        -6   0  -8     300.000  200000.000      0.76775337      0.18838789       5452.55562802
Pd         6   0  -8     300.000  200000.000      0.76775337      0.18838789       5452.55562802
Pd         0   6  -8     300.000  200000.000      0.76775337      0.18838789       5452.55562802
Pd         0  -8  -6     300.000  200000.000      0.76775337      0.18838789       5452.55562802
Pd        -8   0  -6     300.000  200000.000      0.76775337      0.18838789       5452.55562802
Pd         8   0  -6     300.000  200000.000      0.76775337      0.18838789       5452.55562802
Pd         0   8  -6     300.000  200000.000      0.76775337      0.18838789       5452.55562802
Pd         0 -10   0     300.000  200000.000      0.76775337      0.18838789       5452.55562802
Pd        -6  -8   0     300.000  200000.000      0.76775337      0.18838789       5452.55562802
Pd         6  -8   0     300.000  200000.000      0.76775337      0.18838789       5452.55562802
Pd        -8  -6   0     300.000  200000.000      0.76775337      0.18838789       5452.55562802
Pd         8  -6   0     300.000  200000.000      0.76775337      0.18838789       5452.55562802
Pd       -10   0   0     300.000  200000.000      0.76775337      0.18838789       5452.55562802
Pd        10   0   0     300.000  200000.000      0.76775337      0.18838789       5452.55562802
Pd        -8   6   0     300.000  200000.000      0.76775337      0.18838789       5452.55562802
Pd         8   6   0     300.000  200000.000      0.76775337      0.18838789       5452.55562802
Pd        -6   8   0     300.000  200000.000      0.76775337      0.18838789       5452.55562802
Pd         6   8   0     300.000  200000.000      0.76775337      0.18838789       5452.55562802
Pd         0  10   0     300.000  200000.000      0.76775337      0.18838789       5452.55562802
Pd         0  -8   6     300.000  200000.000      0.76775337      0.18838789       5452.55562802
Pd        -8   0   6     300.000  200000.000      0.76775337      0.18838789       5452.55562802
Pd         8   0   6     300.000  200000.000      0.76775337      0.18838789       5452.55562802
Pd         0   8   6     300.000  200000.000      0.76775337      0.18838789       5452.55562802
Pd         0  -6   8     300.000  200000.000      0.76775337      0.18838789       5452.55562802
Pd        -6   0   8     300.000  200000.000      0.76775337      0.18838789       5452.55562802
Pd         6   0   8     300.000  200000.000      0.76775337      0.18838789       5452.55562802
Pd         0   6   8     300.000  200000.000      0.76775337      0.18838789       5452.55562802
Pd         0   0  10     300.000  200000.000      0.76775337      0.18838789       5452.55562802
