# test_Lib_CrystalStructureFactor v.0.0.1
 element           g       T (K)       V (V)         Re(U_g)         Im(U_g)                xi_g
Pt         0   0   0     300.000  200000.000     34.23592945      2.00090578        125.68835042
Pt        -1  -1  -1     300.000  200000.000     20.37382167      1.91329085        210.63885936
Pt         1   1   1     300.000  200000.000     20.37382167      1.91329085        210.63885936
Pt         0   0  -2     300.000  200000.000     18.27181076      1.88510925        234.65882682
Pt         0  -2   0     300.000  200000.000     18.27181076      1.88510925        234.65882682
Pt        -2   0   0     300.000  200000.000     18.27181076      1.88510925        234.65882682
Pt         2   0   0     300.000  200000.000     18.27181076      1.88510925        234.65882682
Pt         0   2   0     300.000  200000.000     18.27181076      1.88510925        234.65882682
Pt         0   0   2     300.000  200000.000     18.27181076      1.88510925        234.65882682
Pt         0  -2  -2     300.000  200000.000     13.13965797      1.77750658        325.08404095
Pt        -2   0  -2     300.000  200000.000     13.13965797      1.77750658        325.08404095
Pt         2   0  -2     300.000  200000.000     13.13965797      1.77750658        325.08404095
Pt         0   2  -2     300.000  200000.000     13.13965797      1.77750658        325.08404095
Pt        -2  -2   0     300.000  200000.000     13.13965797      1.77750658        325.08404095
Pt         2  -2   0     300.000  200000.000     13.13965797      1.77750658        325.08404095
Pt        -2   2   0     300.000  200000.000     13.13965797      1.77750658        325.08404095
Pt         2   2   0     300.000  200000.000     13.13965797      1.77750658        325.08404095
Pt         0  -2   2     300.000  200000.000     13.13965797      1.77750658        325.08404095
Pt        -2   0   2     300.000  200000.000     13.13965797      1.77750658        325.08404095
Pt         2   0   2     300.000  200000.000     13.13965797      1.77750658        325.08404095
Pt         0   2   2     300.000  200000.000     13.13965797      1.77750658        325.08404095
Pt        -1  -1  -3     300.000  200000.000     10.88165287      1.70200814        391.35809395
Pt        -1  -3  -1     300.000  200000.000     10.88165287      1.70200814        391.35809395
Pt        -3  -1  -1     300.000  200000.000     10.88165287      1.70200814        391.35809395
Pt         3   1   1     300.000  200000.000     10.88165287      1.70200814        391.35809395
Pt         1   3   1     300.000  200000.000     10.88165287      1.70200814        391.35809395
Pt         1   1   3     300.000  200000.000     10.88165287      1.70200814        391.35809395
Pt        -2  -2  -2     300.000  200000.000     10.29577588      1.67778535        413.20665908
Pt         2  -2  -2     300.000  200000.000     10.29577588      1.67778535        413.20665908
Pt        -2   2  -2     300.000  200000.000     10.29577588      1.67778535        413.20665908
Pt         2   2  -2     300.000  200000.000     10.29577588      1.67778535        413.20665908
Pt        -2  -2   2     300.000  200000.000     10.29577588      1.67778535        413.20665908
Pt         2  -2   2     300.000  200000.000     10.29577588      1.67778535        413.20665908
Pt        -2   2   2     300.000  200000.000     10.29577588      1.67778535        413.20665908
Pt         2   2   2     300.000  200000.000     10.29577588      1.67778535        413.20665908
Pt         0   0  -4     300.000  200000.000      8.48866045      1.58533355        499.15299329
Pt         0  -4   0     300.000  200000.000      8.48866045      1.58533355        499.15299329
Pt        -4   0   0     300.000  200000.000      8.48866045      1.58533355        499.15299329
Pt         4   0   0     300.000  200000.000      8.48866045      1.58533355        499.15299329
Pt         0   4   0     300.000  200000.000      8.48866045      1.58533355        499.15299329
Pt         0   0   4     300.000  200000.000      8.48866045      1.58533355        499.15299329
Pt        -1  -3  -3     300.000  200000.000      7.51238545      1.52036141        562.37131481
Pt        -3  -1  -3     300.000  200000.000      7.51238545      1.52036141        562.37131481
Pt        -3  -3  -1     300.000  200000.000      7.51238545      1.52036141        562.37131481
Pt         3   3   1     300.000  200000.000      7.51238545      1.52036141        562.37131481
Pt         3   1   3     300.000  200000.000      7.51238545      1.52036141        562.37131481
Pt         1   3   3     300.000  200000.000      7.51238545      1.52036141        562.37131481
Pt         0  -2  -4     300.000  200000.000      7.23574669      1.49948120        583.31547301
Pt        -2   0  -4     300.000  200000.000      7.23574669      1.49948120        583.31547301
Pt         2   0  -4     300.000  200000.000      7.23574669      1.49948120        583.31547301
Pt         0   2  -4     300.000  200000.000      7.23574669      1.49948120        583.31547301
Pt         0  -4  -2     300.000  200000.000      7.23574669      1.49948120        583.31547301
Pt        -4   0  -2     300.000  200000.000      7.23574669      1.49948120        583.31547301
Pt         4   0  -2     300.000  200000.000      7.23574669      1.49948120        583.31547301
Pt         0   4  -2     300.000  200000.000      7.23574669      1.49948120        583.31547301
Pt        -2  -4   0     300.000  200000.000      7.23574669      1.49948120        583.31547301
Pt         2  -4   0     300.000  200000.000      7.23574669      1.49948120        583.31547301
Pt        -4  -2   0     300.000  200000.000      7.23574669      1.49948120        583.31547301
Pt         4  -2   0     300.000  200000.000      7.23574669      1.49948120        583.31547301
Pt        -4   2   0     300.000  200000.000      7.23574669      1.49948120        583.31547301
Pt         4   2   0     300.000  200000.000      7.23574669      1.49948120        583.31547301
Pt        -2   4   0     300.000  200000.000      7.23574669      1.49948120        583.31547301
Pt         2   4   0     300.000  200000.000      7.23574669      1.49948120        583.31547301
Pt         0  -4   2     300.000  200000.000      7.23574669      1.49948120        583.31547301
Pt        -4   0   2     300.000  200000.000      7.23574669      1.49948120        583.31547301
Pt         4   0   2     300.000  200000.000      7.23574669      1.49948120        583.31547301
Pt         0   4   2     300.000  200000.000      7.23574669      1.49948120        583.31547301
Pt         0  -2   4     300.000  200000.000      7.23574669      1.49948120        583.31547301
Pt        -2   0   4     300.000  200000.000      7.23574669      1.49948120        583.31547301
Pt         2   0   4     300.000  200000.000      7.23574669      1.49948120        583.31547301
Pt         0   2   4     300.000  200000.000      7.23574669      1.49948120        583.31547301
Pt        -2  -2  -4     300.000  200000.000      6.30354251      1.41959057        667.09850346
Pt         2  -2  -4     300.000  200000.000      6.30354251      1.41959057        667.09850346
Pt        -2   2  -4     300.000  200000.000      6.30354251      1.41959057        667.09850346
Pt         2   2  -4     300.000  200000.000      6.30354251      1.41959057        667.09850346
Pt        -2  -4  -2     300.000  200000.000      6.30354251      1.41959057        667.09850346
Pt         2  -4  -2     300.000  200000.000      6.30354251      1.41959057        667.09850346
Pt        -4  -2  -2     300.000  200000.000      6.30354251      1.41959057        667.09850346
Pt         4  -2  -2     300.000  200000.000      6.30354251      1.41959057        667.09850346
Pt        -4   2  -2     300.000  200000.000      6.30354251      1.41959057        667.09850346
Pt         4   2  -2     300.000  200000.000      6.30354251      1.41959057        667.09850346
Pt        -2   4  -2     300.000  200000.000      6.30354251      1.41959057        667.09850346
Pt         2   4  -2     300.000  200000.000      6.30354251      1.41959057        667.09850346
Pt        -2  -4   2     300.000  200000.000      6.30354251      1.41959057        667.09850346
Pt         2  -4   2     300.000  200000.000      6.30354251      1.41959057        667.09850346
Pt        -4  -2   2     300.000  200000.000      6.30354251      1.41959057        667.09850346
Pt         4  -2   2     300.000  200000.000      6.30354251      1.41959057        667.09850346
Pt        -4   2   2     300.000  200000.000      6.30354251      1.41959057        667.09850346
Pt         4   2   2     300.000  200000.000      6.30354251      1.41959057        667.09850346
Pt        -2   4   2     300.000  200000.000      6.30354251      1.41959057        667.09850346
Pt         2   4   2     300.000  200000.000      6.30354251      1.41959057        667.09850346
Pt        -2  -2   4     300.000  200000.000      6.30354251      1.41959057        667.09850346
Pt         2  -2   4     300.000  200000.000      6.30354251      1.41959057        667.09850346
Pt        -2   2   4     300.000  200000.000      6.30354251      1.41959057        667.09850346
Pt         2   2   4     300.000  200000.000      6.30354251      1.41959057        667.09850346
Pt        -1  -1  -5     300.000  200000.000      5.74049583      1.36323558        730.55845683
Pt        -3  -3  -3     300.000  200000.000      5.74049583      1.36323558        730.55845683
Pt        -1  -5  -1     300.000  200000.000      5.74049583      1.36323558        730.55845683
Pt        -5  -1  -1     300.000  200000.000      5.74049583      1.36323558        730.55845683
Pt         5   1   1     300.000  200000.000      5.74049583      1.36323558        730.55845683
Pt         1   5   1     300.000  200000.000      5.74049583      1.36323558        730.55845683
Pt         3   3   3     300.000  200000.000      5.74049583      1.36323558        730.55845683
Pt         1   1   5     300.000  200000.000      5.74049583      1.36323558        730.55845683
Pt         0  -4  -4     300.000  200000.000      4.97766501      1.27545363        838.84808471
Pt        -4   0  -4     300.000  200000.000      4.97766501      1.27545363        838.84808471
Pt         4   0  -4     300.000  200000.000      4.97766501      1.27545363        838.84808471
Pt         0   4  -4     300.000  200000.000      4.97766501      1.27545363        838.84808471
Pt        -4  -4   0     300.000  200000.000      4.97766501      1.27545363        838.84808471
Pt         4  -4   0     300.000  200000.000      4.97766501      1.27545363        838.84808471
Pt        -4   4   0     300.000  200000.000      4.97766501      1.27545363        838.84808471
Pt         4   4   0     300.000  200000.000      4.97766501      1.27545363        838.84808471
Pt         0  -4   4     300.000  200000.000      4.97766501      1.27545363        838.84808471
Pt        -4   0   4     300.000  200000.000      4.97766501      1.27545363        838.84808471
Pt         4   0   4     300.000  200000.000      4.97766501      1.27545363        838.84808471
Pt         0   4   4     300.000  200000.000      4.97766501      1.27545363        838.84808471
Pt        -1  -3  -5     300.000  200000.000      4.59795792      1.22615640        905.80465932
Pt        -3  -1  -5     300.000  200000.000      4.59795792      1.22615640        905.80465932
Pt        -1  -5  -3     300.000  200000.000      4.59795792      1.22615640        905.80465932
Pt        -5  -1  -3     300.000  200000.000      4.59795792      1.22615640        905.80465932
Pt        -3  -5  -1     300.000  200000.000      4.59795792      1.22615640        905.80465932
Pt        -5  -3  -1     300.000  200000.000      4.59795792      1.22615640        905.80465932
Pt         5   3   1     300.000  200000.000      4.59795792      1.22615640        905.80465932
Pt         3   5   1     300.000  200000.000      4.59795792      1.22615640        905.80465932
Pt         5   1   3     300.000  200000.000      4.59795792      1.22615640        905.80465932
Pt         1   5   3     300.000  200000.000      4.59795792      1.22615640        905.80465932
Pt         3   1   5     300.000  200000.000      4.59795792      1.22615640        905.80465932
Pt         1   3   5     300.000  200000.000      4.59795792      1.22615640        905.80465932
Pt         0   0  -6     300.000  200000.000      4.48182597      1.21024719        928.49429585
Pt        -2  -4  -4     300.000  200000.000      4.48182597      1.21024719        928.49429585
Pt         2  -4  -4     300.000  200000.000      4.48182597      1.21024719        928.49429585
Pt        -4  -2  -4     300.000  200000.000      4.48182597      1.21024719        928.49429585
Pt         4  -2  -4     300.000  200000.000      4.48182597      1.21024719        928.49429585
Pt        -4   2  -4     300.000  200000.000      4.48182597      1.21024719        928.49429585
Pt         4   2  -4     300.000  200000.000      4.48182597      1.21024719        928.49429585
Pt        -2   4  -4     300.000  200000.000      4.48182597      1.21024719        928.49429585
Pt         2   4  -4     300.000  200000.000      4.48182597      1.21024719        928.49429585
Pt        -4  -4  -2     300.000  200000.000      4.48182597      1.21024719        928.49429585
Pt         4  -4  -2     300.000  200000.000      4.48182597      1.21024719        928.49429585
Pt        -4   4  -2     300.000  200000.000      4.48182597      1.21024719        928.49429585
Pt         4   4  -2     300.000  200000.000      4.48182597      1.21024719        928.49429585
Pt         0  -6   0     300.000  200000.000      4.48182597      1.21024719        928.49429585
Pt        -6   0   0     300.000  200000.000      4.48182597      1.21024719        928.49429585
Pt         6   0   0     300.000  200000.000      4.48182597      1.21024719        928.49429585
Pt         0   6   0     300.000  200000.000      4.48182597      1.21024719        928.49429585
Pt        -4  -4   2     300.000  200000.000      4.48182597      1.21024719        928.49429585
Pt         4  -4   2     300.000  200000.000      4.48182597      1.21024719        928.49429585
Pt        -4   4   2     300.000  200000.000      4.48182597      1.21024719        928.49429585
Pt         4   4   2     300.000  200000.000      4.48182597      1.21024719        928.49429585
Pt        -2  -4   4     300.000  200000.000      4.48182597      1.21024719        928.49429585
Pt         2  -4   4     300.000  200000.000      4.48182597      1.21024719        928.49429585
Pt        -4  -2   4     300.000  200000.000      4.48182597      1.21024719        928.49429585
Pt         4  -2   4     300.000  200000.000      4.48182597      1.21024719        928.49429585
Pt        -4   2   4     300.000  200000.000      4.48182597      1.21024719        928.49429585
Pt         4   2   4     300.000  200000.000      4.48182597      1.21024719        928.49429585
Pt        -2   4   4     300.000  200000.000      4.48182597      1.21024719        928.49429585
Pt         2   4   4     300.000  200000.000      4.48182597      1.21024719        928.49429585
Pt         0   0   6     300.000  200000.000      4.48182597      1.21024719        928.49429585
Pt         0  -2  -6     300.000  200000.000      4.06147808      1.14907114       1021.20490218
Pt        -2   0  -6     300.000  200000.000      4.06147808      1.14907114       1021.20490218
Pt         2   0  -6     300.000  200000.000      4.06147808      1.14907114       1021.20490218
Pt         0   2  -6     300.000  200000.000      4.06147808      1.14907114       1021.20490218
Pt         0  -6  -2     300.000  200000.000      4.06147808      1.14907114       1021.20490218
Pt        -6   0  -2     300.000  200000.000      4.06147808      1.14907114       1021.20490218
Pt         6   0  -2     300.000  200000.000      4.06147808      1.14907114       1021.20490218
Pt         0   6  -2     300.000  200000.000      4.06147808      1.14907114       1021.20490218
Pt        -2  -6   0     300.000  200000.000      4.06147808      1.14907114       1021.20490218
Pt         2  -6   0     300.000  200000.000      4.06147808      1.14907114       1021.20490218
Pt        -6  -2   0     300.000  200000.000      4.06147808      1.14907114       1021.20490218
Pt         6  -2   0     300.000  200000.000      4.06147808      1.14907114       1021.20490218
Pt        -6   2   0     300.000  200000.000      4.06147808      1.14907114       1021.20490218
Pt         6   2   0     300.000  200000.000      4.06147808      1.14907114       1021.20490218
Pt        -2   6   0     300.000  200000.000      4.06147808      1.14907114       1021.20490218
Pt         2   6   0     300.000  200000.000      4.06147808      1.14907114       1021.20490218
Pt         0  -6   2     300.000  200000.000      4.06147808      1.14907114       1021.20490218
Pt        -6   0   2     300.000  200000.000      4.06147808      1.14907114       1021.20490218
Pt         6   0   2     300.000  200000.000      4.06147808      1.14907114       1021.20490218
Pt         0   6   2     300.000  200000.000      4.06147808      1.14907114       1021.20490218
Pt         0  -2   6     300.000  200000.000      4.06147808      1.14907114       1021.20490218
Pt        -2   0   6     300.000  200000.000      4.06147808      1.14907114       1021.20490218
Pt         2   0   6     300.000  200000.000      4.06147808      1.14907114       1021.20490218
Pt         0   2   6     300.000  200000.000      4.06147808      1.14907114       1021.20490218
Pt        -3  -3  -5     300.000  200000.000      3.78607085      1.10562372       1092.84448837
Pt        -3  -5  -3     300.000  200000.000      3.78607085      1.10562372       1092.84448837
Pt        -5  -3  -3     300.000  200000.000      3.78607085      1.10562372       1092.84448837
Pt         5   3   3     300.000  200000.000      3.78607085      1.10562372       1092.84448837
Pt         3   5   3     300.000  200000.000      3.78607085      1.10562372       1092.84448837
Pt         3   3   5     300.000  200000.000      3.78607085      1.10562372       1092.84448837
Pt        -2  -2  -6     300.000  200000.000      3.70082653      1.09157850       1117.13171286
Pt         2  -2  -6     300.000  200000.000      3.70082653      1.09157850       1117.13171286
Pt        -2   2  -6     300.000  200000.000      3.70082653      1.09157850       1117.13171286
Pt         2   2  -6     300.000  200000.000      3.70082653      1.09157850       1117.13171286
Pt        -2  -6  -2     300.000  200000.000      3.70082653      1.09157850       1117.13171286
Pt         2  -6  -2     300.000  200000.000      3.70082653      1.09157850       1117.13171286
Pt        -6  -2  -2     300.000  200000.000      3.70082653      1.09157850       1117.13171286
Pt         6  -2  -2     300.000  200000.000      3.70082653      1.09157850       1117.13171286
Pt        -6   2  -2     300.000  200000.000      3.70082653      1.09157850       1117.13171286
Pt         6   2  -2     300.000  200000.000      3.70082653      1.09157850       1117.13171286
Pt        -2   6  -2     300.000  200000.000      3.70082653      1.09157850       1117.13171286
Pt         2   6  -2     300.000  200000.000      3.70082653      1.09157850       1117.13171286
Pt        -2  -6   2     300.000  200000.000      3.70082653      1.09157850       1117.13171286
Pt         2  -6   2     300.000  200000.000      3.70082653      1.09157850       1117.13171286
Pt        -6  -2   2     300.000  200000.000      3.70082653      1.09157850       1117.13171286
Pt         6  -2   2     300.000  200000.000      3.70082653      1.09157850       1117.13171286
Pt        -6   2   2     300.000  200000.000      3.70082653      1.09157850       1117.13171286
Pt         6   2   2     300.000  200000.000      3.70082653      1.09157850       1117.13171286
Pt        -2   6   2     300.000  200000.000      3.70082653      1.09157850       1117.13171286
Pt         2   6   2     300.000  200000.000      3.70082653      1.09157850       1117.13171286
Pt        -2  -2   6     300.000  200000.000      3.70082653      1.09157850       1117.13171286
Pt         2  -2   6     300.000  200000.000      3.70082653      1.09157850       1117.13171286
Pt        -2   2   6     300.000  200000.000      3.70082653      1.09157850       1117.13171286
Pt         2   2   6     300.000  200000.000      3.70082653      1.09157850       1117.13171286
Pt        -4  -4  -4     300.000  200000.000      3.38851270      1.03746325       1216.32980473
Pt         4  -4  -4     300.000  200000.000      3.38851270      1.03746325       1216.32980473
Pt        -4   4  -4     300.000  200000.000      3.38851270      1.03746325       1216.32980473
Pt         4   4  -4     300.000  200000.000      3.38851270      1.03746325       1216.32980473
Pt        -4  -4   4     300.000  200000.000      3.38851270      1.03746325       1216.32980473
Pt         4  -4   4     300.000  200000.000      3.38851270      1.03746325       1216.32980473
Pt        -4   4   4     300.000  200000.000      3.38851270      1.03746325       1216.32980473
Pt         4   4   4     300.000  200000.000      3.38851270      1.03746325       1216.32980473
Pt        -1  -1  -7     300.000  200000.000      3.18076444      0.99892911       1292.88678892
Pt        -1  -5  -5     300.000  200000.000      3.18076444      0.99892911       1292.88678892
Pt        -5  -1  -5     300.000  200000.000      3.18076444      0.99892911       1292.88678892
Pt        -1  -7  -1     300.000  200000.000      3.18076444      0.99892911       1292.88678892
Pt        -5  -5  -1     300.000  200000.000      3.18076444      0.99892911       1292.88678892
Pt        -7  -1  -1     300.000  200000.000      3.18076444      0.99892911       1292.88678892
Pt         7   1   1     300.000  200000.000      3.18076444      0.99892911       1292.88678892
Pt         5   5   1     300.000  200000.000      3.18076444      0.99892911       1292.88678892
Pt         1   7   1     300.000  200000.000      3.18076444      0.99892911       1292.88678892
Pt         5   1   5     300.000  200000.000      3.18076444      0.99892911       1292.88678892
Pt         1   5   5     300.000  200000.000      3.18076444      0.99892911       1292.88678892
Pt         1   1   7     300.000  200000.000      3.18076444      0.99892911       1292.88678892
Pt         0  -4  -6     300.000  200000.000      3.11596239      0.98645454       1318.81821927
Pt        -4   0  -6     300.000  200000.000      3.11596239      0.98645454       1318.81821927
Pt         4   0  -6     300.000  200000.000      3.11596239      0.98645454       1318.81821927
Pt         0   4  -6     300.000  200000.000      3.11596239      0.98645454       1318.81821927
Pt         0  -6  -4     300.000  200000.000      3.11596239      0.98645454       1318.81821927
Pt        -6   0  -4     300.000  200000.000      3.11596239      0.98645454       1318.81821927
Pt         6   0  -4     300.000  200000.000      3.11596239      0.98645454       1318.81821927
Pt         0   6  -4     300.000  200000.000      3.11596239      0.98645454       1318.81821927
Pt        -4  -6   0     300.000  200000.000      3.11596239      0.98645454       1318.81821927
Pt         4  -6   0     300.000  200000.000      3.11596239      0.98645454       1318.81821927
Pt        -6  -4   0     300.000  200000.000      3.11596239      0.98645454       1318.81821927
Pt         6  -4   0     300.000  200000.000      3.11596239      0.98645454       1318.81821927
Pt        -6   4   0     300.000  200000.000      3.11596239      0.98645454       1318.81821927
Pt         6   4   0     300.000  200000.000      3.11596239      0.98645454       1318.81821927
Pt        -4   6   0     300.000  200000.000      3.11596239      0.98645454       1318.81821927
Pt         4   6   0     300.000  200000.000      3.11596239      0.98645454       1318.81821927
Pt         0  -6   4     300.000  200000.000      3.11596239      0.98645454       1318.81821927
Pt        -6   0   4     300.000  200000.000      3.11596239      0.98645454       1318.81821927
Pt         6   0   4     300.000  200000.000      3.11596239      0.98645454       1318.81821927
Pt         0   6   4     300.000  200000.000      3.11596239      0.98645454       1318.81821927
Pt         0  -4   6     300.000  200000.000      3.11596239      0.98645454       1318.81821927
Pt        -4   0   6     300.000  200000.000      3.11596239      0.98645454       1318.81821927
Pt         4   0   6     300.000  200000.000      3.11596239      0.98645454       1318.81821927
Pt         0   4   6     300.000  200000.000      3.11596239      0.98645454       1318.81821927
Pt        -2  -4  -6     300.000  200000.000      2.87648283      0.93831175       1424.61771863
Pt         2  -4  -6     300.000  200000.000      2.87648283      0.93831175       1424.61771863
Pt        -4  -2  -6     300.000  200000.000      2.87648283      0.93831175       1424.61771863
Pt         4  -2  -6     300.000  200000.000      2.87648283      0.93831175       1424.61771863
Pt        -4   2  -6     300.000  200000.000      2.87648283      0.93831175       1424.61771863
Pt         4   2  -6     300.000  200000.000      2.87648283      0.93831175       1424.61771863
Pt        -2   4  -6     300.000  200000.000      2.87648283      0.93831175       1424.61771863
Pt         2   4  -6     300.000  200000.000      2.87648283      0.93831175       1424.61771863
Pt        -2  -6  -4     300.000  200000.000      2.87648283      0.93831175       1424.61771863
Pt         2  -6  -4     300.000  200000.000      2.87648283      0.93831175       1424.61771863
Pt        -6  -2  -4     300.000  200000.000      2.87648283      0.93831175       1424.61771863
Pt         6  -2  -4     300.000  200000.000      2.87648283      0.93831175       1424.61771863
Pt        -6   2  -4     300.000  200000.000      2.87648283      0.93831175       1424.61771863
Pt         6   2  -4     300.000  200000.000      2.87648283      0.93831175       1424.61771863
Pt        -2   6  -4     300.000  200000.000      2.87648283      0.93831175       1424.61771863
Pt         2   6  -4     300.000  200000.000      2.87648283      0.93831175       1424.61771863
Pt        -4  -6  -2     300.000  200000.000      2.87648283      0.93831175       1424.61771863
Pt         4  -6  -2     300.000  200000.000      2.87648283      0.93831175       1424.61771863
Pt        -6  -4  -2     300.000  200000.000      2.87648283      0.93831175       1424.61771863
Pt         6  -4  -2     300.000  200000.000      2.87648283      0.93831175       1424.61771863
Pt        -6   4  -2     300.000  200000.000      2.87648283      0.93831175       1424.61771863
Pt         6   4  -2     300.000  200000.000      2.87648283      0.93831175       1424.61771863
Pt        -4   6  -2     300.000  200000.000      2.87648283      0.93831175       1424.61771863
Pt         4   6  -2     300.000  200000.000      2.87648283      0.93831175       1424.61771863
Pt        -4  -6   2     300.000  200000.000      2.87648283      0.93831175       1424.61771863
Pt         4  -6   2     300.000  200000.000      2.87648283      0.93831175       1424.61771863
Pt        -6  -4   2     300.000  200000.000      2.87648283      0.93831175       1424.61771863
Pt         6  -4   2     300.000  200000.000      2.87648283      0.93831175       1424.61771863
Pt        -6   4   2     300.000  200000.000      2.87648283      0.93831175       1424.61771863
Pt         6   4   2     300.000  200000.000      2.87648283      0.93831175       1424.61771863
Pt        -4   6   2     300.000  200000.000      2.87648283      0.93831175       1424.61771863
Pt         4   6   2     300.000  200000.000      2.87648283      0.93831175       1424.61771863
Pt        -2  -6   4     300.000  200000.000      2.87648283      0.93831175       1424.61771863
Pt         2  -6   4     300.000  200000.000      2.87648283      0.93831175       1424.61771863
Pt        -6  -2   4     300.000  200000.000      2.87648283      0.93831175       1424.61771863
Pt         6  -2   4     300.000  200000.000      2.87648283      0.93831175       1424.61771863
Pt        -6   2   4     300.000  200000.000      2.87648283      0.93831175       1424.61771863
Pt         6   2   4     300.000  200000.000      2.87648283      0.93831175       1424.61771863
Pt        -2   6   4     300.000  200000.000      2.87648283      0.93831175       1424.61771863
Pt         2   6   4     300.000  200000.000      2.87648283      0.93831175       1424.61771863
Pt        -2  -4   6     300.000  200000.000      2.87648283      0.93831175       1424.61771863
Pt         2  -4   6     300.000  200000.000      2.87648283      0.93831175       1424.61771863
Pt        -4  -2   6     300.000  200000.000      2.87648283      0.93831175       1424.61771863
Pt         4  -2   6     300.000  200000.000      2.87648283      0.93831175       1424.61771863
Pt        -4   2   6     300.000  200000.000      2.87648283      0.93831175       1424.61771863
Pt         4   2   6     300.000  200000.000      2.87648283      0.93831175       1424.61771863
Pt        -2   4   6     300.000  200000.000      2.87648283      0.93831175       1424.61771863
Pt         2   4   6     300.000  200000.000      2.87648283      0.93831175       1424.61771863
Pt        -1  -3  -7     300.000  200000.000      2.71532272      0.90395545       1506.16539831
Pt        -3  -1  -7     300.000  200000.000      2.71532272      0.90395545       1506.16539831
Pt        -3  -5  -5     300.000  200000.000      2.71532272      0.90395545       1506.16539831
Pt        -5  -3  -5     300.000  200000.000      2.71532272      0.90395545       1506.16539831
Pt        -1  -7  -3     300.000  200000.000      2.71532272      0.90395545       1506.16539831
Pt        -5  -5  -3     300.000  200000.000      2.71532272      0.90395545       1506.16539831
Pt        -7  -1  -3     300.000  200000.000      2.71532272      0.90395545       1506.16539831
Pt        -3  -7  -1     300.000  200000.000      2.71532272      0.90395545       1506.16539831
Pt        -7  -3  -1     300.000  200000.000      2.71532272      0.90395545       1506.16539831
Pt         7   3   1     300.000  200000.000      2.71532272      0.90395545       1506.16539831
Pt         3   7   1     300.000  200000.000      2.71532272      0.90395545       1506.16539831
Pt         7   1   3     300.000  200000.000      2.71532272      0.90395545       1506.16539831
Pt         5   5   3     300.000  200000.000      2.71532272      0.90395545       1506.16539831
Pt         1   7   3     300.000  200000.000      2.71532272      0.90395545       1506.16539831
Pt         5   3   5     300.000  200000.000      2.71532272      0.90395545       1506.16539831
Pt         3   5   5     300.000  200000.000      2.71532272      0.90395545       1506.16539831
Pt         3   1   7     300.000  200000.000      2.71532272      0.90395545       1506.16539831
Pt         1   3   7     300.000  200000.000      2.71532272      0.90395545       1506.16539831
Pt         0   0  -8     300.000  200000.000      2.47639384      0.84978799       1646.35868866
Pt         0  -8   0     300.000  200000.000      2.47639384      0.84978799       1646.35868866
Pt        -8   0   0     300.000  200000.000      2.47639384      0.84978799       1646.35868866
Pt         8   0   0     300.000  200000.000      2.47639384      0.84978799       1646.35868866
Pt         0   8   0     300.000  200000.000      2.47639384      0.84978799       1646.35868866
Pt         0   0   8     300.000  200000.000      2.47639384      0.84978799       1646.35868866
Pt        -3  -3  -7     300.000  200000.000      2.34835234      0.81902304       1733.11822316
Pt        -3  -7  -3     300.000  200000.000      2.34835234      0.81902304       1733.11822316
Pt        -7  -3  -3     300.000  200000.000      2.34835234      0.81902304       1733.11822316
Pt         7   3   3     300.000  200000.000      2.34835234      0.81902304       1733.11822316
Pt         3   7   3     300.000  200000.000      2.34835234      0.81902304       1733.11822316
Pt         3   3   7     300.000  200000.000      2.34835234      0.81902304       1733.11822316
Pt         0  -2  -8     300.000  200000.000      2.30793242      0.80904215       1762.49151372
Pt        -2   0  -8     300.000  200000.000      2.30793242      0.80904215       1762.49151372
Pt         2   0  -8     300.000  200000.000      2.30793242      0.80904215       1762.49151372
Pt         0   2  -8     300.000  200000.000      2.30793242      0.80904215       1762.49151372
Pt        -4  -4  -6     300.000  200000.000      2.30793242      0.80904215       1762.49151372
Pt         4  -4  -6     300.000  200000.000      2.30793242      0.80904215       1762.49151372
Pt        -4   4  -6     300.000  200000.000      2.30793242      0.80904215       1762.49151372
Pt         4   4  -6     300.000  200000.000      2.30793242      0.80904215       1762.49151372
Pt        -4  -6  -4     300.000  200000.000      2.30793242      0.80904215       1762.49151372
Pt         4  -6  -4     300.000  200000.000      2.30793242      0.80904215       1762.49151372
Pt        -6  -4  -4     300.000  200000.000      2.30793242      0.80904215       1762.49151372
Pt         6  -4  -4     300.000  200000.000      2.30793242      0.80904215       1762.49151372
Pt        -6   4  -4     300.000  200000.000      2.30793242      0.80904215       1762.49151372
Pt         6   4  -4     300.000  200000.000      2.30793242      0.80904215       1762.49151372
Pt        -4   6  -4     300.000  200000.000      2.30793242      0.80904215       1762.49151372
Pt         4   6  -4     300.000  200000.000      2.30793242      0.80904215       1762.49151372
Pt         0  -8  -2     300.000  200000.000      2.30793242      0.80904215       1762.49151372
Pt        -8   0  -2     300.000  200000.000      2.30793242      0.80904215       1762.49151372
Pt         8   0  -2     300.000  200000.000      2.30793242      0.80904215       1762.49151372
Pt         0   8  -2     300.000  200000.000      2.30793242      0.80904215       1762.49151372
Pt        -2  -8   0     300.000  200000.000      2.30793242      0.80904215       1762.49151372
Pt         2  -8   0     300.000  200000.000      2.30793242      0.80904215       1762.49151372
Pt        -8  -2   0     300.000  200000.000      2.30793242      0.80904215       1762.49151372
Pt         8  -2   0     300.000  200000.000      2.30793242      0.80904215       1762.49151372
Pt        -8   2   0     300.000  200000.000      2.30793242      0.80904215       1762.49151372
Pt         8   2   0     300.000  200000.000      2.30793242      0.80904215       1762.49151372
Pt        -2   8   0     300.000  200000.000      2.30793242      0.80904215       1762.49151372
Pt         2   8   0     300.000  200000.000      2.30793242      0.80904215       1762.49151372
Pt         0  -8   2     300.000  200000.000      2.30793242      0.80904215       1762.49151372
Pt        -8   0   2     300.000  200000.000      2.30793242      0.80904215       1762.49151372
Pt         8   0   2     300.000  200000.000      2.30793242      0.80904215       1762.49151372
Pt         0   8   2     300.000  200000.000      2.30793242      0.80904215       1762.49151372
Pt        -4  -6   4     300.000  200000.000      2.30793242      0.80904215       1762.49151372
Pt         4  -6   4     300.000  200000.000      2.30793242      0.80904215       1762.49151372
Pt        -6  -4   4     300.000  200000.000      2.30793242      0.80904215       1762.49151372
Pt         6  -4   4     300.000  200000.000      2.30793242      0.80904215       1762.49151372
Pt        -6   4   4     300.000  200000.000      2.30793242      0.80904215       1762.49151372
Pt         6   4   4     300.000  200000.000      2.30793242      0.80904215       1762.49151372
Pt        -4   6   4     300.000  200000.000      2.30793242      0.80904215       1762.49151372
Pt         4   6   4     300.000  200000.000      2.30793242      0.80904215       1762.49151372
Pt        -4  -4   6     300.000  200000.000      2.30793242      0.80904215       1762.49151372
Pt         4  -4   6     300.000  200000.000      2.30793242      0.80904215       1762.49151372
Pt        -4   4   6     300.000  200000.000      2.30793242      0.80904215       1762.49151372
Pt         4   4   6     300.000  200000.000      2.30793242      0.80904215       1762.49151372
Pt         0  -2   8     300.000  200000.000      2.30793242      0.80904215       1762.49151372
Pt        -2   0   8     300.000  200000.000      2.30793242      0.80904215       1762.49151372
Pt         2   0   8     300.000  200000.000      2.30793242      0.80904215       1762.49151372
Pt         0   2   8     300.000  200000.000      2.30793242      0.80904215       1762.49151372
Pt        -2  -2  -8     300.000  200000.000      2.15644706      0.77042692       1882.32087645
Pt         2  -2  -8     300.000  200000.000      2.15644706      0.77042692       1882.32087645
Pt        -2   2  -8     300.000  200000.000      2.15644706      0.77042692       1882.32087645
Pt         2   2  -8     300.000  200000.000      2.15644706      0.77042692       1882.32087645
Pt         0  -6  -6     300.000  200000.000      2.15644706      0.77042692       1882.32087645
Pt        -6   0  -6     300.000  200000.000      2.15644706      0.77042692       1882.32087645
Pt         6   0  -6     300.000  200000.000      2.15644706      0.77042692       1882.32087645
Pt         0   6  -6     300.000  200000.000      2.15644706      0.77042692       1882.32087645
Pt        -2  -8  -2     300.000  200000.000      2.15644706      0.77042692       1882.32087645
Pt         2  -8  -2     300.000  200000.000      2.15644706      0.77042692       1882.32087645
Pt        -8  -2  -2     300.000  200000.000      2.15644706      0.77042692       1882.32087645
Pt         8  -2  -2     300.000  200000.000      2.15644706      0.77042692       1882.32087645
Pt        -8   2  -2     300.000  200000.000      2.15644706      0.77042692       1882.32087645
Pt         8   2  -2     300.000  200000.000      2.15644706      0.77042692       1882.32087645
Pt        -2   8  -2     300.000  200000.000      2.15644706      0.77042692       1882.32087645
Pt         2   8  -2     300.000  200000.000      2.15644706      0.77042692       1882.32087645
Pt        -6  -6   0     300.000  200000.000      2.15644706      0.77042692       1882.32087645
Pt         6  -6   0     300.000  200000.000      2.15644706      0.77042692       1882.32087645
Pt        -6   6   0     300.000  200000.000      2.15644706      0.77042692       1882.32087645
Pt         6   6   0     300.000  200000.000      2.15644706      0.77042692       1882.32087645
Pt        -2  -8   2     300.000  200000.000      2.15644706      0.77042692       1882.32087645
Pt         2  -8   2     300.000  200000.000      2.15644706      0.77042692       1882.32087645
Pt        -8  -2   2     300.000  200000.000      2.15644706      0.77042692       1882.32087645
Pt         8  -2   2     300.000  200000.000      2.15644706      0.77042692       1882.32087645
Pt        -8   2   2     300.000  200000.000      2.15644706      0.77042692       1882.32087645
Pt         8   2   2     300.000  200000.000      2.15644706      0.77042692       1882.32087645
Pt        -2   8   2     300.000  200000.000      2.15644706      0.77042692       1882.32087645
Pt         2   8   2     300.000  200000.000      2.15644706      0.77042692       1882.32087645
Pt         0  -6   6     300.000  200000.000      2.15644706      0.77042692       1882.32087645
Pt        -6   0   6     300.000  200000.000      2.15644706      0.77042692       1882.32087645
Pt         6   0   6     300.000  200000.000      2.15644706      0.77042692       1882.32087645
Pt         0   6   6     300.000  200000.000      2.15644706      0.77042692       1882.32087645
Pt        -2  -2   8     300.000  200000.000      2.15644706      0.77042692       1882.32087645
Pt         2  -2   8     300.000  200000.000      2.15644706      0.77042692       1882.32087645
Pt        -2   2   8     300.000  200000.000      2.15644706      0.77042692       1882.32087645
Pt         2   2   8     300.000  200000.000      2.15644706      0.77042692       1882.32087645
Pt        -5  -5  -5     300.000  200000.000      2.05251473      0.74277832       1974.72802207
Pt         5   5   5     300.000  200000.000      2.05251473      0.74277832       1974.72802207
Pt        -1  -5  -7     300.000  200000.000      2.05251473      0.74277832       1974.72802207
Pt        -5  -1  -7     300.000  200000.000      2.05251473      0.74277832       1974.72802207
Pt        -1  -7  -5     300.000  200000.000      2.05251473      0.74277832       1974.72802207
Pt        -7  -1  -5     300.000  200000.000      2.05251473      0.74277832       1974.72802207
Pt        -5  -7  -1     300.000  200000.000      2.05251473      0.74277832       1974.72802207
Pt        -7  -5  -1     300.000  200000.000      2.05251473      0.74277832       1974.72802207
Pt         7   5   1     300.000  200000.000      2.05251473      0.74277832       1974.72802207
Pt         5   7   1     300.000  200000.000      2.05251473      0.74277832       1974.72802207
Pt         7   1   5     300.000  200000.000      2.05251473      0.74277832       1974.72802207
Pt         1   7   5     300.000  200000.000      2.05251473      0.74277832       1974.72802207
Pt         5   1   7     300.000  200000.000      2.05251473      0.74277832       1974.72802207
Pt         1   5   7     300.000  200000.000      2.05251473      0.74277832       1974.72802207
Pt        -2  -6  -6     300.000  200000.000      2.01953947      0.73380119       2006.03032271
Pt         2  -6  -6     300.000  200000.000      2.01953947      0.73380119       2006.03032271
Pt        -6  -2  -6     300.000  200000.000      2.01953947      0.73380119       2006.03032271
Pt         6  -2  -6     300.000  200000.000      2.01953947      0.73380119       2006.03032271
Pt        -6   2  -6     300.000  200000.000      2.01953947      0.73380119       2006.03032271
Pt         6   2  -6     300.000  200000.000      2.01953947      0.73380119       2006.03032271
Pt        -2   6  -6     300.000  200000.000      2.01953947      0.73380119       2006.03032271
Pt         2   6  -6     300.000  200000.000      2.01953947      0.73380119       2006.03032271
Pt        -6  -6  -2     300.000  200000.000      2.01953947      0.73380119       2006.03032271
Pt         6  -6  -2     300.000  200000.000      2.01953947      0.73380119       2006.03032271
Pt        -6   6  -2     300.000  200000.000      2.01953947      0.73380119       2006.03032271
Pt         6   6  -2     300.000  200000.000      2.01953947      0.73380119       2006.03032271
Pt        -6  -6   2     300.000  200000.000      2.01953947      0.73380119       2006.03032271
Pt         6  -6   2     300.000  200000.000      2.01953947      0.73380119       2006.03032271
Pt        -6   6   2     300.000  200000.000      2.01953947      0.73380119       2006.03032271
Pt         6   6   2     300.000  200000.000      2.01953947      0.73380119       2006.03032271
Pt        -2  -6   6     300.000  200000.000      2.01953947      0.73380119       2006.03032271
Pt         2  -6   6     300.000  200000.000      2.01953947      0.73380119       2006.03032271
Pt        -6  -2   6     300.000  200000.000      2.01953947      0.73380119       2006.03032271
Pt         6  -2   6     300.000  200000.000      2.01953947      0.73380119       2006.03032271
Pt        -6   2   6     300.000  200000.000      2.01953947      0.73380119       2006.03032271
Pt         6   2   6     300.000  200000.000      2.01953947      0.73380119       2006.03032271
Pt        -2   6   6     300.000  200000.000      2.01953947      0.73380119       2006.03032271
Pt         2   6   6     300.000  200000.000      2.01953947      0.73380119       2006.03032271
Pt         0  -4  -8     300.000  200000.000      1.89521972      0.69903670       2133.83277918
Pt        -4   0  -8     300.000  200000.000      1.89521972      0.69903670       2133.83277918
Pt         4   0  -8     300.000  200000.000      1.89521972      0.69903670       2133.83277918
Pt         0   4  -8     300.000  200000.000      1.89521972      0.69903670       2133.83277918
Pt         0  -8  -4     300.000  200000.000      1.89521972      0.69903670       2133.83277918
Pt        -8   0  -4     300.000  200000.000      1.89521972      0.69903670       2133.83277918
Pt         8   0  -4     300.000  200000.000      1.89521972      0.69903670       2133.83277918
Pt         0   8  -4     300.000  200000.000      1.89521972      0.69903670       2133.83277918
Pt        -4  -8   0     300.000  200000.000      1.89521972      0.69903670       2133.83277918
Pt         4  -8   0     300.000  200000.000      1.89521972      0.69903670       2133.83277918
Pt        -8  -4   0     300.000  200000.000      1.89521972      0.69903670       2133.83277918
Pt         8  -4   0     300.000  200000.000      1.89521972      0.69903670       2133.83277918
Pt        -8   4   0     300.000  200000.000      1.89521972      0.69903670       2133.83277918
Pt         8   4   0     300.000  200000.000      1.89521972      0.69903670       2133.83277918
Pt        -4   8   0     300.000  200000.000      1.89521972      0.69903670       2133.83277918
Pt         4   8   0     300.000  200000.000      1.89521972      0.69903670       2133.83277918
Pt         0  -8   4     300.000  200000.000      1.89521972      0.69903670       2133.83277918
Pt        -8   0   4     300.000  200000.000      1.89521972      0.69903670       2133.83277918
Pt         8   0   4     300.000  200000.000      1.89521972      0.69903670       2133.83277918
Pt         0   8   4     300.000  200000.000      1.89521972      0.69903670       2133.83277918
Pt         0  -4   8     300.000  200000.000      1.89521972      0.69903670       2133.83277918
Pt        -4   0   8     300.000  200000.000      1.89521972      0.69903670       2133.83277918
Pt         4   0   8     300.000  200000.000      1.89521972      0.69903670       2133.83277918
Pt         0   4   8     300.000  200000.000      1.89521972      0.69903670       2133.83277918
Pt        -1  -1  -9     300.000  200000.000      1.80923292      0.67411404       2232.51310792
Pt        -1  -9  -1     300.000  200000.000      1.80923292      0.67411404       2232.51310792
Pt        -9  -1  -1     300.000  200000.000      1.80923292      0.67411404       2232.51310792
Pt         9   1   1     300.000  200000.000      1.80923292      0.67411404       2232.51310792
Pt         1   9   1     300.000  200000.000      1.80923292      0.67411404       2232.51310792
Pt         1   1   9     300.000  200000.000      1.80923292      0.67411404       2232.51310792
Pt        -3  -5  -7     300.000  200000.000      1.80923292      0.67411404       2232.51310792
Pt        -5  -3  -7     300.000  200000.000      1.80923292      0.67411404       2232.51310792
Pt        -3  -7  -5     300.000  200000.000      1.80923292      0.67411404       2232.51310792
Pt        -7  -3  -5     300.000  200000.000      1.80923292      0.67411404       2232.51310792
Pt        -5  -7  -3     300.000  200000.000      1.80923292      0.67411404       2232.51310792
Pt        -7  -5  -3     300.000  200000.000      1.80923292      0.67411404       2232.51310792
Pt         7   5   3     300.000  200000.000      1.80923292      0.67411404       2232.51310792
Pt         5   7   3     300.000  200000.000      1.80923292      0.67411404       2232.51310792
Pt         7   3   5     300.000  200000.000      1.80923292      0.67411404       2232.51310792
Pt         3   7   5     300.000  200000.000      1.80923292      0.67411404       2232.51310792
Pt         5   3   7     300.000  200000.000      1.80923292      0.67411404       2232.51310792
Pt         3   5   7     300.000  200000.000      1.80923292      0.67411404       2232.51310792
Pt        -2  -4  -8     300.000  200000.000      1.78183038      0.66601652       2265.96643521
Pt         2  -4  -8     300.000  200000.000      1.78183038      0.66601652       2265.96643521
Pt        -4  -2  -8     300.000  200000.000      1.78183038      0.66601652       2265.96643521
Pt         4  -2  -8     300.000  200000.000      1.78183038      0.66601652       2265.96643521
Pt        -4   2  -8     300.000  200000.000      1.78183038      0.66601652       2265.96643521
Pt         4   2  -8     300.000  200000.000      1.78183038      0.66601652       2265.96643521
Pt        -2   4  -8     300.000  200000.000      1.78183038      0.66601652       2265.96643521
Pt         2   4  -8     300.000  200000.000      1.78183038      0.66601652       2265.96643521
Pt        -2  -8  -4     300.000  200000.000      1.78183038      0.66601652       2265.96643521
Pt         2  -8  -4     300.000  200000.000      1.78183038      0.66601652       2265.96643521
Pt        -8  -2  -4     300.000  200000.000      1.78183038      0.66601652       2265.96643521
Pt         8  -2  -4     300.000  200000.000      1.78183038      0.66601652       2265.96643521
Pt        -8   2  -4     300.000  200000.000      1.78183038      0.66601652       2265.96643521
Pt         8   2  -4     300.000  200000.000      1.78183038      0.66601652       2265.96643521
Pt        -2   8  -4     300.000  200000.000      1.78183038      0.66601652       2265.96643521
Pt         2   8  -4     300.000  200000.000      1.78183038      0.66601652       2265.96643521
Pt        -4  -8  -2     300.000  200000.000      1.78183038      0.66601652       2265.96643521
Pt         4  -8  -2     300.000  200000.000      1.78183038      0.66601652       2265.96643521
Pt        -8  -4  -2     300.000  200000.000      1.78183038      0.66601652       2265.96643521
Pt         8  -4  -2     300.000  200000.000      1.78183038      0.66601652       2265.96643521
Pt        -8   4  -2     300.000  200000.000      1.78183038      0.66601652       2265.96643521
Pt         8   4  -2     300.000  200000.000      1.78183038      0.66601652       2265.96643521
Pt        -4   8  -2     300.000  200000.000      1.78183038      0.66601652       2265.96643521
Pt         4   8  -2     300.000  200000.000      1.78183038      0.66601652       2265.96643521
Pt        -4  -8   2     300.000  200000.000      1.78183038      0.66601652       2265.96643521
Pt         4  -8   2     300.000  200000.000      1.78183038      0.66601652       2265.96643521
Pt        -8  -4   2     300.000  200000.000      1.78183038      0.66601652       2265.96643521
Pt         8  -4   2     300.000  200000.000      1.78183038      0.66601652       2265.96643521
Pt        -8   4   2     300.000  200000.000      1.78183038      0.66601652       2265.96643521
Pt         8   4   2     300.000  200000.000      1.78183038      0.66601652       2265.96643521
Pt        -4   8   2     300.000  200000.000      1.78183038      0.66601652       2265.96643521
Pt         4   8   2     300.000  200000.000      1.78183038      0.66601652       2265.96643521
Pt        -2  -8   4     300.000  200000.000      1.78183038      0.66601652       2265.96643521
Pt         2  -8   4     300.000  200000.000      1.78183038      0.66601652       2265.96643521
Pt        -8  -2   4     300.000  200000.000      1.78183038      0.66601652       2265.96643521
Pt         8  -2   4     300.000  200000.000      1.78183038      0.66601652       2265.96643521
Pt        -8   2   4     300.000  200000.000      1.78183038      0.66601652       2265.96643521
Pt         8   2   4     300.000  200000.000      1.78183038      0.66601652       2265.96643521
Pt        -2   8   4     300.000  200000.000      1.78183038      0.66601652       2265.96643521
Pt         2   8   4     300.000  200000.000      1.78183038      0.66601652       2265.96643521
Pt        -2  -4   8     300.000  200000.000      1.78183038      0.66601652       2265.96643521
Pt         2  -4   8     300.000  200000.000      1.78183038      0.66601652       2265.96643521
Pt        -4  -2   8     300.000  200000.000      1.78183038      0.66601652       2265.96643521
Pt         4  -2   8     300.000  200000.000      1.78183038      0.66601652       2265.96643521
Pt        -4   2   8     300.000  200000.000      1.78183038      0.66601652       2265.96643521
Pt         4   2   8     300.000  200000.000      1.78183038      0.66601652       2265.96643521
Pt        -2   4   8     300.000  200000.000      1.78183038      0.66601652       2265.96643521
Pt         2   4   8     300.000  200000.000      1.78183038      0.66601652       2265.96643521
Pt        -4  -6  -6     300.000  200000.000      1.67798564      0.63463367       2402.69083693
Pt         4  -6  -6     300.000  200000.000      1.67798564      0.63463367       2402.69083693
Pt        -6  -4  -6     300.000  200000.000      1.67798564      0.63463367       2402.69083693
Pt         6  -4  -6     300.000  200000.000      1.67798564      0.63463367       2402.69083693
Pt        -6   4  -6     300.000  200000.000      1.67798564      0.63463367       2402.69083693
Pt         6   4  -6     300.000  200000.000      1.67798564      0.63463367       2402.69083693
Pt        -4   6  -6     300.000  200000.000      1.67798564      0.63463367       2402.69083693
Pt         4   6  -6     300.000  200000.000      1.67798564      0.63463367       2402.69083693
Pt        -6  -6  -4     300.000  200000.000      1.67798564      0.63463367       2402.69083693
Pt         6  -6  -4     300.000  200000.000      1.67798564      0.63463367       2402.69083693
Pt        -6   6  -4     300.000  200000.000      1.67798564      0.63463367       2402.69083693
Pt         6   6  -4     300.000  200000.000      1.67798564      0.63463367       2402.69083693
Pt        -6  -6   4     300.000  200000.000      1.67798564      0.63463367       2402.69083693
Pt         6  -6   4     300.000  200000.000      1.67798564      0.63463367       2402.69083693
Pt        -6   6   4     300.000  200000.000      1.67798564      0.63463367       2402.69083693
Pt         6   6   4     300.000  200000.000      1.67798564      0.63463367       2402.69083693
Pt        -4  -6   6     300.000  200000.000      1.67798564      0.63463367       2402.69083693
Pt         4  -6   6     300.000  200000.000      1.67798564      0.63463367       2402.69083693
Pt        -6  -4   6     300.000  200000.000      1.67798564      0.63463367       2402.69083693
Pt         6  -4   6     300.000  200000.000      1.67798564      0.63463367       2402.69083693
Pt        -6   4   6     300.000  200000.000      1.67798564      0.63463367       2402.69083693
Pt         6   4   6     300.000  200000.000      1.67798564      0.63463367       2402.69083693
Pt        -4   6   6     300.000  200000.000      1.67798564      0.63463367       2402.69083693
Pt         4   6   6     300.000  200000.000      1.67798564      0.63463367       2402.69083693
Pt        -1  -3  -9     300.000  200000.000      1.60565877      0.61211169       2508.41312523
Pt        -3  -1  -9     300.000  200000.000      1.60565877      0.61211169       2508.41312523
Pt        -1  -9  -3     300.000  200000.000      1.60565877      0.61211169       2508.41312523
Pt        -9  -1  -3     300.000  200000.000      1.60565877      0.61211169       2508.41312523
Pt        -3  -9  -1     300.000  200000.000      1.60565877      0.61211169       2508.41312523
Pt        -9  -3  -1     300.000  200000.000      1.60565877      0.61211169       2508.41312523
Pt         9   3   1     300.000  200000.000      1.60565877      0.61211169       2508.41312523
Pt         3   9   1     300.000  200000.000      1.60565877      0.61211169       2508.41312523
Pt         9   1   3     300.000  200000.000      1.60565877      0.61211169       2508.41312523
Pt         1   9   3     300.000  200000.000      1.60565877      0.61211169       2508.41312523
Pt         3   1   9     300.000  200000.000      1.60565877      0.61211169       2508.41312523
Pt         1   3   9     300.000  200000.000      1.60565877      0.61211169       2508.41312523
Pt        -4  -4  -8     300.000  200000.000      1.49445986      0.57639523       2691.03660409
Pt         4  -4  -8     300.000  200000.000      1.49445986      0.57639523       2691.03660409
Pt        -4   4  -8     300.000  200000.000      1.49445986      0.57639523       2691.03660409
Pt         4   4  -8     300.000  200000.000      1.49445986      0.57639523       2691.03660409
Pt        -4  -8  -4     300.000  200000.000      1.49445986      0.57639523       2691.03660409
Pt         4  -8  -4     300.000  200000.000      1.49445986      0.57639523       2691.03660409
Pt        -8  -4  -4     300.000  200000.000      1.49445986      0.57639523       2691.03660409
Pt         8  -4  -4     300.000  200000.000      1.49445986      0.57639523       2691.03660409
Pt        -8   4  -4     300.000  200000.000      1.49445986      0.57639523       2691.03660409
Pt         8   4  -4     300.000  200000.000      1.49445986      0.57639523       2691.03660409
Pt        -4   8  -4     300.000  200000.000      1.49445986      0.57639523       2691.03660409
Pt         4   8  -4     300.000  200000.000      1.49445986      0.57639523       2691.03660409
Pt        -4  -8   4     300.000  200000.000      1.49445986      0.57639523       2691.03660409
Pt         4  -8   4     300.000  200000.000      1.49445986      0.57639523       2691.03660409
Pt        -8  -4   4     300.000  200000.000      1.49445986      0.57639523       2691.03660409
Pt         8  -4   4     300.000  200000.000      1.49445986      0.57639523       2691.03660409
Pt        -8   4   4     300.000  200000.000      1.49445986      0.57639523       2691.03660409
Pt         8   4   4     300.000  200000.000      1.49445986      0.57639523       2691.03660409
Pt        -4   8   4     300.000  200000.000      1.49445986      0.57639523       2691.03660409
Pt         4   8   4     300.000  200000.000      1.49445986      0.57639523       2691.03660409
Pt        -4  -4   8     300.000  200000.000      1.49445986      0.57639523       2691.03660409
Pt         4  -4   8     300.000  200000.000      1.49445986      0.57639523       2691.03660409
Pt        -4   4   8     300.000  200000.000      1.49445986      0.57639523       2691.03660409
Pt         4   4   8     300.000  200000.000      1.49445986      0.57639523       2691.03660409
Pt        -3  -3  -9     300.000  200000.000      1.43276578      0.55599961       2804.67119064
Pt        -3  -9  -3     300.000  200000.000      1.43276578      0.55599961       2804.67119064
Pt        -9  -3  -3     300.000  200000.000      1.43276578      0.55599961       2804.67119064
Pt         9   3   3     300.000  200000.000      1.43276578      0.55599961       2804.67119064
Pt         3   9   3     300.000  200000.000      1.43276578      0.55599961       2804.67119064
Pt         3   3   9     300.000  200000.000      1.43276578      0.55599961       2804.67119064
Pt        -1  -7  -7     300.000  200000.000      1.43276578      0.55599961       2804.67119064
Pt        -5  -5  -7     300.000  200000.000      1.43276578      0.55599961       2804.67119064
Pt        -7  -1  -7     300.000  200000.000      1.43276578      0.55599961       2804.67119064
Pt        -5  -7  -5     300.000  200000.000      1.43276578      0.55599961       2804.67119064
Pt        -7  -5  -5     300.000  200000.000      1.43276578      0.55599961       2804.67119064
Pt        -7  -7  -1     300.000  200000.000      1.43276578      0.55599961       2804.67119064
Pt         7   7   1     300.000  200000.000      1.43276578      0.55599961       2804.67119064
Pt         7   5   5     300.000  200000.000      1.43276578      0.55599961       2804.67119064
Pt         5   7   5     300.000  200000.000      1.43276578      0.55599961       2804.67119064
Pt         7   1   7     300.000  200000.000      1.43276578      0.55599961       2804.67119064
Pt         5   5   7     300.000  200000.000      1.43276578      0.55599961       2804.67119064
Pt         1   7   7     300.000  200000.000      1.43276578      0.55599961       2804.67119064
Pt         0   0 -10     300.000  200000.000      1.41296846      0.54936601       2843.25538443
Pt         0  -6  -8     300.000  200000.000      1.41296846      0.54936601       2843.25538443
Pt        -6   0  -8     300.000  200000.000      1.41296846      0.54936601       2843.25538443
Pt         6   0  -8     300.000  200000.000      1.41296846      0.54936601       2843.25538443
Pt         0   6  -8     300.000  200000.000      1.41296846      0.54936601       2843.25538443
Pt         0  -8  -6     300.000  200000.000      1.41296846      0.54936601       2843.25538443
Pt        -8   0  -6     300.000  200000.000      1.41296846      0.54936601       2843.25538443
Pt         8   0  -6     300.000  200000.000      1.41296846      0.54936601       2843.25538443
Pt         0   8  -6     300.000  200000.000      1.41296846      0.54936601       2843.25538443
Pt         0 -10   0     300.000  200000.000      1.41296846      0.54936601       2843.25538443
Pt        -6  -8   0     300.000  200000.000      1.41296846      0.54936601       2843.25538443
Pt         6  -8   0     300.000  200000.000      1.41296846      0.54936601       2843.25538443
Pt        -8  -6   0     300.000  200000.000      1.41296846      0.54936601       2843.25538443
Pt         8  -6   0     300.000  200000.000      1.41296846      0.54936601       2843.25538443
Pt       -10   0   0     300.000  200000.000      1.41296846      0.54936601       2843.25538443
Pt        10   0   0     300.000  200000.000      1.41296846      0.54936601       2843.25538443
Pt        -8   6   0     300.000  200000.000      1.41296846      0.54936601       2843.25538443
Pt         8   6   0     300.000  200000.000      1.41296846      0.54936601       2843.25538443
Pt        -6   8   0     300.000  200000.000      1.41296846      0.54936601       2843.25538443
Pt         6   8   0     300.000  200000.000      1.41296846      0.54936601       2843.25538443
Pt         0  10   0     300.000  200000.000      1.41296846      0.54936601       2843.25538443
Pt         0  -8   6     300.000  200000.000      1.41296846      0.54936601       2843.25538443
Pt        -8   0   6     300.000  200000.000      1.41296846      0.54936601       2843.25538443
Pt         8   0   6     300.000  200000.000      1.41296846      0.54936601       2843.25538443
Pt         0   8   6     300.000  200000.000      1.41296846      0.54936601       2843.25538443
Pt         0  -6   8     300.000  200000.000      1.41296846      0.54936601       2843.25538443
Pt        -6   0   8     300.000  200000.000      1.41296846      0.54936601       2843.25538443
Pt         6   0   8     300.000  200000.000      1.41296846      0.54936601       2843.25538443
Pt         0   6   8     300.000  200000.000      1.41296846      0.54936601       2843.25538443
Pt         0   0  10     300.000  200000.000      1.41296846      0.54936601       2843.25538443
