# test_Lib_CrystalStructureFactor v.0.0.1
 element           g       T (K)       V (V)         Re(U_g)         Im(U_g)                xi_g
Sr         0   0   0     300.000  200000.000     11.12421322      0.43109747        387.18849074
Sr        -1  -1  -1     300.000  200000.000      5.07955206      0.37579342        846.26606951
Sr         1   1   1     300.000  200000.000      5.07955206      0.37579342        846.26606951
Sr         0   0  -2     300.000  200000.000      4.38064803      0.35964390        980.66473624
Sr         0  -2   0     300.000  200000.000      4.38064803      0.35964390        980.66473624
Sr        -2   0   0     300.000  200000.000      4.38064803      0.35964390        980.66473624
Sr         2   0   0     300.000  200000.000      4.38064803      0.35964390        980.66473624
Sr         0   2   0     300.000  200000.000      4.38064803      0.35964390        980.66473624
Sr         0   0   2     300.000  200000.000      4.38064803      0.35964390        980.66473624
Sr         0  -2  -2     300.000  200000.000      2.88389181      0.30374416       1486.42515403
Sr        -2   0  -2     300.000  200000.000      2.88389181      0.30374416       1486.42515403
Sr         2   0  -2     300.000  200000.000      2.88389181      0.30374416       1486.42515403
Sr         0   2  -2     300.000  200000.000      2.88389181      0.30374416       1486.42515403
Sr        -2  -2   0     300.000  200000.000      2.88389181      0.30374416       1486.42515403
Sr         2  -2   0     300.000  200000.000      2.88389181      0.30374416       1486.42515403
Sr        -2   2   0     300.000  200000.000      2.88389181      0.30374416       1486.42515403
Sr         2   2   0     300.000  200000.000      2.88389181      0.30374416       1486.42515403
Sr         0  -2   2     300.000  200000.000      2.88389181      0.30374416       1486.42515403
Sr        -2   0   2     300.000  200000.000      2.88389181      0.30374416       1486.42515403
Sr         2   0   2     300.000  200000.000      2.88389181      0.30374416       1486.42515403
Sr         0   2   2     300.000  200000.000      2.88389181      0.30374416       1486.42515403
Sr        -1  -1  -3     300.000  200000.000      2.26788389      0.26898533       1887.39748772
Sr        -1  -3  -1     300.000  200000.000      2.26788389      0.26898533       1887.39748772
Sr        -3  -1  -1     300.000  200000.000      2.26788389      0.26898533       1887.39748772
Sr         3   1   1     300.000  200000.000      2.26788389      0.26898533       1887.39748772
Sr         1   3   1     300.000  200000.000      2.26788389      0.26898533       1887.39748772
Sr         1   1   3     300.000  200000.000      2.26788389      0.26898533       1887.39748772
Sr        -2  -2  -2     300.000  200000.000      2.10920977      0.25848527       2028.43369826
Sr         2  -2  -2     300.000  200000.000      2.10920977      0.25848527       2028.43369826
Sr        -2   2  -2     300.000  200000.000      2.10920977      0.25848527       2028.43369826
Sr         2   2  -2     300.000  200000.000      2.10920977      0.25848527       2028.43369826
Sr        -2  -2   2     300.000  200000.000      2.10920977      0.25848527       2028.43369826
Sr         2  -2   2     300.000  200000.000      2.10920977      0.25848527       2028.43369826
Sr        -2   2   2     300.000  200000.000      2.10920977      0.25848527       2028.43369826
Sr         2   2   2     300.000  200000.000      2.10920977      0.25848527       2028.43369826
Sr         0   0  -4     300.000  200000.000      1.62165023      0.22095605       2633.69832465
Sr         0  -4   0     300.000  200000.000      1.62165023      0.22095605       2633.69832465
Sr        -4   0   0     300.000  200000.000      1.62165023      0.22095605       2633.69832465
Sr         4   0   0     300.000  200000.000      1.62165023      0.22095605       2633.69832465
Sr         0   4   0     300.000  200000.000      1.62165023      0.22095605       2633.69832465
Sr         0   0   4     300.000  200000.000      1.62165023      0.22095605       2633.69832465
Sr        -1  -3  -3     300.000  200000.000      1.36019031      0.19676217       3136.32331665
Sr        -3  -1  -3     300.000  200000.000      1.36019031      0.19676217       3136.32331665
Sr        -3  -3  -1     300.000  200000.000      1.36019031      0.19676217       3136.32331665
Sr         3   3   1     300.000  200000.000      1.36019031      0.19676217       3136.32331665
Sr         3   1   3     300.000  200000.000      1.36019031      0.19676217       3136.32331665
Sr         1   3   3     300.000  200000.000      1.36019031      0.19676217       3136.32331665
Sr         0  -2  -4     300.000  200000.000      1.28660751      0.18933862       3314.50821193
Sr        -2   0  -4     300.000  200000.000      1.28660751      0.18933862       3314.50821193
Sr         2   0  -4     300.000  200000.000      1.28660751      0.18933862       3314.50821193
Sr         0   2  -4     300.000  200000.000      1.28660751      0.18933862       3314.50821193
Sr         0  -4  -2     300.000  200000.000      1.28660751      0.18933862       3314.50821193
Sr        -4   0  -2     300.000  200000.000      1.28660751      0.18933862       3314.50821193
Sr         4   0  -2     300.000  200000.000      1.28660751      0.18933862       3314.50821193
Sr         0   4  -2     300.000  200000.000      1.28660751      0.18933862       3314.50821193
Sr        -2  -4   0     300.000  200000.000      1.28660751      0.18933862       3314.50821193
Sr         2  -4   0     300.000  200000.000      1.28660751      0.18933862       3314.50821193
Sr        -4  -2   0     300.000  200000.000      1.28660751      0.18933862       3314.50821193
Sr         4  -2   0     300.000  200000.000      1.28660751      0.18933862       3314.50821193
Sr        -4   2   0     300.000  200000.000      1.28660751      0.18933862       3314.50821193
Sr         4   2   0     300.000  200000.000      1.28660751      0.18933862       3314.50821193
Sr        -2   4   0     300.000  200000.000      1.28660751      0.18933862       3314.50821193
Sr         2   4   0     300.000  200000.000      1.28660751      0.18933862       3314.50821193
Sr         0  -4   2     300.000  200000.000      1.28660751      0.18933862       3314.50821193
Sr        -4   0   2     300.000  200000.000      1.28660751      0.18933862       3314.50821193
Sr         4   0   2     300.000  200000.000      1.28660751      0.18933862       3314.50821193
Sr         0   4   2     300.000  200000.000      1.28660751      0.18933862       3314.50821193
Sr         0  -2   4     300.000  200000.000      1.28660751      0.18933862       3314.50821193
Sr        -2   0   4     300.000  200000.000      1.28660751      0.18933862       3314.50821193
Sr         2   0   4     300.000  200000.000      1.28660751      0.18933862       3314.50821193
Sr         0   2   4     300.000  200000.000      1.28660751      0.18933862       3314.50821193
Sr        -2  -2  -4     300.000  200000.000      1.04159098      0.16242783       4088.86728667
Sr         2  -2  -4     300.000  200000.000      1.04159098      0.16242783       4088.86728667
Sr        -2   2  -4     300.000  200000.000      1.04159098      0.16242783       4088.86728667
Sr         2   2  -4     300.000  200000.000      1.04159098      0.16242783       4088.86728667
Sr        -2  -4  -2     300.000  200000.000      1.04159098      0.16242783       4088.86728667
Sr         2  -4  -2     300.000  200000.000      1.04159098      0.16242783       4088.86728667
Sr        -4  -2  -2     300.000  200000.000      1.04159098      0.16242783       4088.86728667
Sr         4  -2  -2     300.000  200000.000      1.04159098      0.16242783       4088.86728667
Sr        -4   2  -2     300.000  200000.000      1.04159098      0.16242783       4088.86728667
Sr         4   2  -2     300.000  200000.000      1.04159098      0.16242783       4088.86728667
Sr        -2   4  -2     300.000  200000.000      1.04159098      0.16242783       4088.86728667
Sr         2   4  -2     300.000  200000.000      1.04159098      0.16242783       4088.86728667
Sr        -2  -4   2     300.000  200000.000      1.04159098      0.16242783       4088.86728667
Sr         2  -4   2     300.000  200000.000      1.04159098      0.16242783       4088.86728667
Sr        -4  -2   2     300.000  200000.000      1.04159098      0.16242783       4088.86728667
Sr         4  -2   2     300.000  200000.000      1.04159098      0.16242783       4088.86728667
Sr        -4   2   2     300.000  200000.000      1.04159098      0.16242783       4088.86728667
Sr         4   2   2     300.000  200000.000      1.04159098      0.16242783       4088.86728667
Sr        -2   4   2     300.000  200000.000      1.04159098      0.16242783       4088.86728667
Sr         2   4   2     300.000  200000.000      1.04159098      0.16242783       4088.86728667
Sr        -2  -2   4     300.000  200000.000      1.04159098      0.16242783       4088.86728667
Sr         2  -2   4     300.000  200000.000      1.04159098      0.16242783       4088.86728667
Sr        -2   2   4     300.000  200000.000      1.04159098      0.16242783       4088.86728667
Sr         2   2   4     300.000  200000.000      1.04159098      0.16242783       4088.86728667
Sr        -1  -1  -5     300.000  200000.000      0.89699350      0.14481355       4743.96096458
Sr        -3  -3  -3     300.000  200000.000      0.89699350      0.14481355       4743.96096458
Sr        -1  -5  -1     300.000  200000.000      0.89699350      0.14481355       4743.96096458
Sr        -5  -1  -1     300.000  200000.000      0.89699350      0.14481355       4743.96096458
Sr         5   1   1     300.000  200000.000      0.89699350      0.14481355       4743.96096458
Sr         1   5   1     300.000  200000.000      0.89699350      0.14481355       4743.96096458
Sr         3   3   3     300.000  200000.000      0.89699350      0.14481355       4743.96096458
Sr         1   1   5     300.000  200000.000      0.89699350      0.14481355       4743.96096458
Sr         0  -4  -4     300.000  200000.000      0.70761566      0.11954576       6006.33170054
Sr        -4   0  -4     300.000  200000.000      0.70761566      0.11954576       6006.33170054
Sr         4   0  -4     300.000  200000.000      0.70761566      0.11954576       6006.33170054
Sr         0   4  -4     300.000  200000.000      0.70761566      0.11954576       6006.33170054
Sr        -4  -4   0     300.000  200000.000      0.70761566      0.11954576       6006.33170054
Sr         4  -4   0     300.000  200000.000      0.70761566      0.11954576       6006.33170054
Sr        -4   4   0     300.000  200000.000      0.70761566      0.11954576       6006.33170054
Sr         4   4   0     300.000  200000.000      0.70761566      0.11954576       6006.33170054
Sr         0  -4   4     300.000  200000.000      0.70761566      0.11954576       6006.33170054
Sr        -4   0   4     300.000  200000.000      0.70761566      0.11954576       6006.33170054
Sr         4   0   4     300.000  200000.000      0.70761566      0.11954576       6006.33170054
Sr         0   4   4     300.000  200000.000      0.70761566      0.11954576       6006.33170054
Sr        -1  -3  -5     300.000  200000.000      0.61714149      0.10649004       6882.74596174
Sr        -3  -1  -5     300.000  200000.000      0.61714149      0.10649004       6882.74596174
Sr        -1  -5  -3     300.000  200000.000      0.61714149      0.10649004       6882.74596174
Sr        -5  -1  -3     300.000  200000.000      0.61714149      0.10649004       6882.74596174
Sr        -3  -5  -1     300.000  200000.000      0.61714149      0.10649004       6882.74596174
Sr        -5  -3  -1     300.000  200000.000      0.61714149      0.10649004       6882.74596174
Sr         5   3   1     300.000  200000.000      0.61714149      0.10649004       6882.74596174
Sr         3   5   1     300.000  200000.000      0.61714149      0.10649004       6882.74596174
Sr         5   1   3     300.000  200000.000      0.61714149      0.10649004       6882.74596174
Sr         1   5   3     300.000  200000.000      0.61714149      0.10649004       6882.74596174
Sr         3   1   5     300.000  200000.000      0.61714149      0.10649004       6882.74596174
Sr         1   3   5     300.000  200000.000      0.61714149      0.10649004       6882.74596174
Sr         0   0  -6     300.000  200000.000      0.59008261      0.10244881       7197.07473678
Sr        -2  -4  -4     300.000  200000.000      0.59008261      0.10244881       7197.07473678
Sr         2  -4  -4     300.000  200000.000      0.59008261      0.10244881       7197.07473678
Sr        -4  -2  -4     300.000  200000.000      0.59008261      0.10244881       7197.07473678
Sr         4  -2  -4     300.000  200000.000      0.59008261      0.10244881       7197.07473678
Sr        -4   2  -4     300.000  200000.000      0.59008261      0.10244881       7197.07473678
Sr         4   2  -4     300.000  200000.000      0.59008261      0.10244881       7197.07473678
Sr        -2   4  -4     300.000  200000.000      0.59008261      0.10244881       7197.07473678
Sr         2   4  -4     300.000  200000.000      0.59008261      0.10244881       7197.07473678
Sr        -4  -4  -2     300.000  200000.000      0.59008261      0.10244881       7197.07473678
Sr         4  -4  -2     300.000  200000.000      0.59008261      0.10244881       7197.07473678
Sr        -4   4  -2     300.000  200000.000      0.59008261      0.10244881       7197.07473678
Sr         4   4  -2     300.000  200000.000      0.59008261      0.10244881       7197.07473678
Sr         0  -6   0     300.000  200000.000      0.59008261      0.10244881       7197.07473678
Sr        -6   0   0     300.000  200000.000      0.59008261      0.10244881       7197.07473678
Sr         6   0   0     300.000  200000.000      0.59008261      0.10244881       7197.07473678
Sr         0   6   0     300.000  200000.000      0.59008261      0.10244881       7197.07473678
Sr        -4  -4   2     300.000  200000.000      0.59008261      0.10244881       7197.07473678
Sr         4  -4   2     300.000  200000.000      0.59008261      0.10244881       7197.07473678
Sr        -4   4   2     300.000  200000.000      0.59008261      0.10244881       7197.07473678
Sr         4   4   2     300.000  200000.000      0.59008261      0.10244881       7197.07473678
Sr        -2  -4   4     300.000  200000.000      0.59008261      0.10244881       7197.07473678
Sr         2  -4   4     300.000  200000.000      0.59008261      0.10244881       7197.07473678
Sr        -4  -2   4     300.000  200000.000      0.59008261      0.10244881       7197.07473678
Sr         4  -2   4     300.000  200000.000      0.59008261      0.10244881       7197.07473678
Sr        -4   2   4     300.000  200000.000      0.59008261      0.10244881       7197.07473678
Sr         4   2   4     300.000  200000.000      0.59008261      0.10244881       7197.07473678
Sr        -2   4   4     300.000  200000.000      0.59008261      0.10244881       7197.07473678
Sr         2   4   4     300.000  200000.000      0.59008261      0.10244881       7197.07473678
Sr         0   0   6     300.000  200000.000      0.59008261      0.10244881       7197.07473678
Sr         0  -2  -6     300.000  200000.000      0.49488251      0.08768586       8576.36148198
Sr        -2   0  -6     300.000  200000.000      0.49488251      0.08768586       8576.36148198
Sr         2   0  -6     300.000  200000.000      0.49488251      0.08768586       8576.36148198
Sr         0   2  -6     300.000  200000.000      0.49488251      0.08768586       8576.36148198
Sr         0  -6  -2     300.000  200000.000      0.49488251      0.08768586       8576.36148198
Sr        -6   0  -2     300.000  200000.000      0.49488251      0.08768586       8576.36148198
Sr         6   0  -2     300.000  200000.000      0.49488251      0.08768586       8576.36148198
Sr         0   6  -2     300.000  200000.000      0.49488251      0.08768586       8576.36148198
Sr        -2  -6   0     300.000  200000.000      0.49488251      0.08768586       8576.36148198
Sr         2  -6   0     300.000  200000.000      0.49488251      0.08768586       8576.36148198
Sr        -6  -2   0     300.000  200000.000      0.49488251      0.08768586       8576.36148198
Sr         6  -2   0     300.000  200000.000      0.49488251      0.08768586       8576.36148198
Sr        -6   2   0     300.000  200000.000      0.49488251      0.08768586       8576.36148198
Sr         6   2   0     300.000  200000.000      0.49488251      0.08768586       8576.36148198
Sr        -2   6   0     300.000  200000.000      0.49488251      0.08768586       8576.36148198
Sr         2   6   0     300.000  200000.000      0.49488251      0.08768586       8576.36148198
Sr         0  -6   2     300.000  200000.000      0.49488251      0.08768586       8576.36148198
Sr        -6   0   2     300.000  200000.000      0.49488251      0.08768586       8576.36148198
Sr         6   0   2     300.000  200000.000      0.49488251      0.08768586       8576.36148198
Sr         0   6   2     300.000  200000.000      0.49488251      0.08768586       8576.36148198
Sr         0  -2   6     300.000  200000.000      0.49488251      0.08768586       8576.36148198
Sr        -2   0   6     300.000  200000.000      0.49488251      0.08768586       8576.36148198
Sr         2   0   6     300.000  200000.000      0.49488251      0.08768586       8576.36148198
Sr         0   2   6     300.000  200000.000      0.49488251      0.08768586       8576.36148198
Sr        -3  -3  -5     300.000  200000.000      0.43511737      0.07794556       9751.07290830
Sr        -3  -5  -3     300.000  200000.000      0.43511737      0.07794556       9751.07290830
Sr        -5  -3  -3     300.000  200000.000      0.43511737      0.07794556       9751.07290830
Sr         5   3   3     300.000  200000.000      0.43511737      0.07794556       9751.07290830
Sr         3   5   3     300.000  200000.000      0.43511737      0.07794556       9751.07290830
Sr         3   3   5     300.000  200000.000      0.43511737      0.07794556       9751.07290830
Sr        -2  -2  -6     300.000  200000.000      0.41708345      0.07492829      10171.78725425
Sr         2  -2  -6     300.000  200000.000      0.41708345      0.07492829      10171.78725425
Sr        -2   2  -6     300.000  200000.000      0.41708345      0.07492829      10171.78725425
Sr         2   2  -6     300.000  200000.000      0.41708345      0.07492829      10171.78725425
Sr        -2  -6  -2     300.000  200000.000      0.41708345      0.07492829      10171.78725425
Sr         2  -6  -2     300.000  200000.000      0.41708345      0.07492829      10171.78725425
Sr        -6  -2  -2     300.000  200000.000      0.41708345      0.07492829      10171.78725425
Sr         6  -2  -2     300.000  200000.000      0.41708345      0.07492829      10171.78725425
Sr        -6   2  -2     300.000  200000.000      0.41708345      0.07492829      10171.78725425
Sr         6   2  -2     300.000  200000.000      0.41708345      0.07492829      10171.78725425
Sr        -2   6  -2     300.000  200000.000      0.41708345      0.07492829      10171.78725425
Sr         2   6  -2     300.000  200000.000      0.41708345      0.07492829      10171.78725425
Sr        -2  -6   2     300.000  200000.000      0.41708345      0.07492829      10171.78725425
Sr         2  -6   2     300.000  200000.000      0.41708345      0.07492829      10171.78725425
Sr        -6  -2   2     300.000  200000.000      0.41708345      0.07492829      10171.78725425
Sr         6  -2   2     300.000  200000.000      0.41708345      0.07492829      10171.78725425
Sr        -6   2   2     300.000  200000.000      0.41708345      0.07492829      10171.78725425
Sr         6   2   2     300.000  200000.000      0.41708345      0.07492829      10171.78725425
Sr        -2   6   2     300.000  200000.000      0.41708345      0.07492829      10171.78725425
Sr         2   6   2     300.000  200000.000      0.41708345      0.07492829      10171.78725425
Sr        -2  -2   6     300.000  200000.000      0.41708345      0.07492829      10171.78725425
Sr         2  -2   6     300.000  200000.000      0.41708345      0.07492829      10171.78725425
Sr        -2   2   6     300.000  200000.000      0.41708345      0.07492829      10171.78725425
Sr         2   2   6     300.000  200000.000      0.41708345      0.07492829      10171.78725425
Sr        -4  -4  -4     300.000  200000.000      0.35306412      0.06390005      12013.37654564
Sr         4  -4  -4     300.000  200000.000      0.35306412      0.06390005      12013.37654564
Sr        -4   4  -4     300.000  200000.000      0.35306412      0.06390005      12013.37654564
Sr         4   4  -4     300.000  200000.000      0.35306412      0.06390005      12013.37654564
Sr        -4  -4   4     300.000  200000.000      0.35306412      0.06390005      12013.37654564
Sr         4  -4   4     300.000  200000.000      0.35306412      0.06390005      12013.37654564
Sr        -4   4   4     300.000  200000.000      0.35306412      0.06390005      12013.37654564
Sr         4   4   4     300.000  200000.000      0.35306412      0.06390005      12013.37654564
Sr        -1  -1  -7     300.000  200000.000      0.31241514      0.05662138      13575.86570481
Sr        -1  -5  -5     300.000  200000.000      0.31241514      0.05662138      13575.86570481
Sr        -5  -1  -5     300.000  200000.000      0.31241514      0.05662138      13575.86570481
Sr        -1  -7  -1     300.000  200000.000      0.31241514      0.05662138      13575.86570481
Sr        -5  -5  -1     300.000  200000.000      0.31241514      0.05662138      13575.86570481
Sr        -7  -1  -1     300.000  200000.000      0.31241514      0.05662138      13575.86570481
Sr         7   1   1     300.000  200000.000      0.31241514      0.05662138      13575.86570481
Sr         5   5   1     300.000  200000.000      0.31241514      0.05662138      13575.86570481
Sr         1   7   1     300.000  200000.000      0.31241514      0.05662138      13575.86570481
Sr         5   1   5     300.000  200000.000      0.31241514      0.05662138      13575.86570481
Sr         1   5   5     300.000  200000.000      0.31241514      0.05662138      13575.86570481
Sr         1   1   7     300.000  200000.000      0.31241514      0.05662138      13575.86570481
Sr         0  -4  -6     300.000  200000.000      0.30007765      0.05436669      14134.18247474
Sr        -4   0  -6     300.000  200000.000      0.30007765      0.05436669      14134.18247474
Sr         4   0  -6     300.000  200000.000      0.30007765      0.05436669      14134.18247474
Sr         0   4  -6     300.000  200000.000      0.30007765      0.05436669      14134.18247474
Sr         0  -6  -4     300.000  200000.000      0.30007765      0.05436669      14134.18247474
Sr        -6   0  -4     300.000  200000.000      0.30007765      0.05436669      14134.18247474
Sr         6   0  -4     300.000  200000.000      0.30007765      0.05436669      14134.18247474
Sr         0   6  -4     300.000  200000.000      0.30007765      0.05436669      14134.18247474
Sr        -4  -6   0     300.000  200000.000      0.30007765      0.05436669      14134.18247474
Sr         4  -6   0     300.000  200000.000      0.30007765      0.05436669      14134.18247474
Sr        -6  -4   0     300.000  200000.000      0.30007765      0.05436669      14134.18247474
Sr         6  -4   0     300.000  200000.000      0.30007765      0.05436669      14134.18247474
Sr        -6   4   0     300.000  200000.000      0.30007765      0.05436669      14134.18247474
Sr         6   4   0     300.000  200000.000      0.30007765      0.05436669      14134.18247474
Sr        -4   6   0     300.000  200000.000      0.30007765      0.05436669      14134.18247474
Sr         4   6   0     300.000  200000.000      0.30007765      0.05436669      14134.18247474
Sr         0  -6   4     300.000  200000.000      0.30007765      0.05436669      14134.18247474
Sr        -6   0   4     300.000  200000.000      0.30007765      0.05436669      14134.18247474
Sr         6   0   4     300.000  200000.000      0.30007765      0.05436669      14134.18247474
Sr         0   6   4     300.000  200000.000      0.30007765      0.05436669      14134.18247474
Sr         0  -4   6     300.000  200000.000      0.30007765      0.05436669      14134.18247474
Sr        -4   0   6     300.000  200000.000      0.30007765      0.05436669      14134.18247474
Sr         4   0   6     300.000  200000.000      0.30007765      0.05436669      14134.18247474
Sr         0   4   6     300.000  200000.000      0.30007765      0.05436669      14134.18247474
Sr        -2  -4  -6     300.000  200000.000      0.25599595      0.04612765      16570.90385558
Sr         2  -4  -6     300.000  200000.000      0.25599595      0.04612765      16570.90385558
Sr        -4  -2  -6     300.000  200000.000      0.25599595      0.04612765      16570.90385558
Sr         4  -2  -6     300.000  200000.000      0.25599595      0.04612765      16570.90385558
Sr        -4   2  -6     300.000  200000.000      0.25599595      0.04612765      16570.90385558
Sr         4   2  -6     300.000  200000.000      0.25599595      0.04612765      16570.90385558
Sr        -2   4  -6     300.000  200000.000      0.25599595      0.04612765      16570.90385558
Sr         2   4  -6     300.000  200000.000      0.25599595      0.04612765      16570.90385558
Sr        -2  -6  -4     300.000  200000.000      0.25599595      0.04612765      16570.90385558
Sr         2  -6  -4     300.000  200000.000      0.25599595      0.04612765      16570.90385558
Sr        -6  -2  -4     300.000  200000.000      0.25599595      0.04612765      16570.90385558
Sr         6  -2  -4     300.000  200000.000      0.25599595      0.04612765      16570.90385558
Sr        -6   2  -4     300.000  200000.000      0.25599595      0.04612765      16570.90385558
Sr         6   2  -4     300.000  200000.000      0.25599595      0.04612765      16570.90385558
Sr        -2   6  -4     300.000  200000.000      0.25599595      0.04612765      16570.90385558
Sr         2   6  -4     300.000  200000.000      0.25599595      0.04612765      16570.90385558
Sr        -4  -6  -2     300.000  200000.000      0.25599595      0.04612765      16570.90385558
Sr         4  -6  -2     300.000  200000.000      0.25599595      0.04612765      16570.90385558
Sr        -6  -4  -2     300.000  200000.000      0.25599595      0.04612765      16570.90385558
Sr         6  -4  -2     300.000  200000.000      0.25599595      0.04612765      16570.90385558
Sr        -6   4  -2     300.000  200000.000      0.25599595      0.04612765      16570.90385558
Sr         6   4  -2     300.000  200000.000      0.25599595      0.04612765      16570.90385558
Sr        -4   6  -2     300.000  200000.000      0.25599595      0.04612765      16570.90385558
Sr         4   6  -2     300.000  200000.000      0.25599595      0.04612765      16570.90385558
Sr        -4  -6   2     300.000  200000.000      0.25599595      0.04612765      16570.90385558
Sr         4  -6   2     300.000  200000.000      0.25599595      0.04612765      16570.90385558
Sr        -6  -4   2     300.000  200000.000      0.25599595      0.04612765      16570.90385558
Sr         6  -4   2     300.000  200000.000      0.25599595      0.04612765      16570.90385558
Sr        -6   4   2     300.000  200000.000      0.25599595      0.04612765      16570.90385558
Sr         6   4   2     300.000  200000.000      0.25599595      0.04612765      16570.90385558
Sr        -4   6   2     300.000  200000.000      0.25599595      0.04612765      16570.90385558
Sr         4   6   2     300.000  200000.000      0.25599595      0.04612765      16570.90385558
Sr        -2  -6   4     300.000  200000.000      0.25599595      0.04612765      16570.90385558
Sr         2  -6   4     300.000  200000.000      0.25599595      0.04612765      16570.90385558
Sr        -6  -2   4     300.000  200000.000      0.25599595      0.04612765      16570.90385558
Sr         6  -2   4     300.000  200000.000      0.25599595      0.04612765      16570.90385558
Sr        -6   2   4     300.000  200000.000      0.25599595      0.04612765      16570.90385558
Sr         6   2   4     300.000  200000.000      0.25599595      0.04612765      16570.90385558
Sr        -2   6   4     300.000  200000.000      0.25599595      0.04612765      16570.90385558
Sr         2   6   4     300.000  200000.000      0.25599595      0.04612765      16570.90385558
Sr        -2  -4   6     300.000  200000.000      0.25599595      0.04612765      16570.90385558
Sr         2  -4   6     300.000  200000.000      0.25599595      0.04612765      16570.90385558
Sr        -4  -2   6     300.000  200000.000      0.25599595      0.04612765      16570.90385558
Sr         4  -2   6     300.000  200000.000      0.25599595      0.04612765      16570.90385558
Sr        -4   2   6     300.000  200000.000      0.25599595      0.04612765      16570.90385558
Sr         4   2   6     300.000  200000.000      0.25599595      0.04612765      16570.90385558
Sr        -2   4   6     300.000  200000.000      0.25599595      0.04612765      16570.90385558
Sr         2   4   6     300.000  200000.000      0.25599595      0.04612765      16570.90385558
Sr        -1  -3  -7     300.000  200000.000      0.22775908      0.04069309      18630.24114321
Sr        -3  -1  -7     300.000  200000.000      0.22775908      0.04069309      18630.24114321
Sr        -3  -5  -5     300.000  200000.000      0.22775908      0.04069309      18630.24114321
Sr        -5  -3  -5     300.000  200000.000      0.22775908      0.04069309      18630.24114321
Sr        -1  -7  -3     300.000  200000.000      0.22775908      0.04069309      18630.24114321
Sr        -5  -5  -3     300.000  200000.000      0.22775908      0.04069309      18630.24114321
Sr        -7  -1  -3     300.000  200000.000      0.22775908      0.04069309      18630.24114321
Sr        -3  -7  -1     300.000  200000.000      0.22775908      0.04069309      18630.24114321
Sr        -7  -3  -1     300.000  200000.000      0.22775908      0.04069309      18630.24114321
Sr         7   3   1     300.000  200000.000      0.22775908      0.04069309      18630.24114321
Sr         3   7   1     300.000  200000.000      0.22775908      0.04069309      18630.24114321
Sr         7   1   3     300.000  200000.000      0.22775908      0.04069309      18630.24114321
Sr         5   5   3     300.000  200000.000      0.22775908      0.04069309      18630.24114321
Sr         1   7   3     300.000  200000.000      0.22775908      0.04069309      18630.24114321
Sr         5   3   5     300.000  200000.000      0.22775908      0.04069309      18630.24114321
Sr         3   5   5     300.000  200000.000      0.22775908      0.04069309      18630.24114321
Sr         3   1   7     300.000  200000.000      0.22775908      0.04069309      18630.24114321
Sr         1   3   7     300.000  200000.000      0.22775908      0.04069309      18630.24114321
Sr         0   0  -8     300.000  200000.000      0.18820707      0.03286639      22561.01728875
Sr         0  -8   0     300.000  200000.000      0.18820707      0.03286639      22561.01728875
Sr        -8   0   0     300.000  200000.000      0.18820707      0.03286639      22561.01728875
Sr         8   0   0     300.000  200000.000      0.18820707      0.03286639      22561.01728875
Sr         0   8   0     300.000  200000.000      0.18820707      0.03286639      22561.01728875
Sr         0   0   8     300.000  200000.000      0.18820707      0.03286639      22561.01728875
Sr        -3  -3  -7     300.000  200000.000      0.16823404      0.02881887      25253.60444222
Sr        -3  -7  -3     300.000  200000.000      0.16823404      0.02881887      25253.60444222
Sr        -7  -3  -3     300.000  200000.000      0.16823404      0.02881887      25253.60444222
Sr         7   3   3     300.000  200000.000      0.16823404      0.02881887      25253.60444222
Sr         3   7   3     300.000  200000.000      0.16823404      0.02881887      25253.60444222
Sr         3   3   7     300.000  200000.000      0.16823404      0.02881887      25253.60444222
Sr         0  -2  -8     300.000  200000.000      0.16211652      0.02756677      26212.03127271
Sr        -2   0  -8     300.000  200000.000      0.16211652      0.02756677      26212.03127271
Sr         2   0  -8     300.000  200000.000      0.16211652      0.02756677      26212.03127271
Sr         0   2  -8     300.000  200000.000      0.16211652      0.02756677      26212.03127271
Sr        -4  -4  -6     300.000  200000.000      0.16211652      0.02756677      26212.03127271
Sr         4  -4  -6     300.000  200000.000      0.16211652      0.02756677      26212.03127271
Sr        -4   4  -6     300.000  200000.000      0.16211652      0.02756677      26212.03127271
Sr         4   4  -6     300.000  200000.000      0.16211652      0.02756677      26212.03127271
Sr        -4  -6  -4     300.000  200000.000      0.16211652      0.02756677      26212.03127271
Sr         4  -6  -4     300.000  200000.000      0.16211652      0.02756677      26212.03127271
Sr        -6  -4  -4     300.000  200000.000      0.16211652      0.02756677      26212.03127271
Sr         6  -4  -4     300.000  200000.000      0.16211652      0.02756677      26212.03127271
Sr        -6   4  -4     300.000  200000.000      0.16211652      0.02756677      26212.03127271
Sr         6   4  -4     300.000  200000.000      0.16211652      0.02756677      26212.03127271
Sr        -4   6  -4     300.000  200000.000      0.16211652      0.02756677      26212.03127271
Sr         4   6  -4     300.000  200000.000      0.16211652      0.02756677      26212.03127271
Sr         0  -8  -2     300.000  200000.000      0.16211652      0.02756677      26212.03127271
Sr        -8   0  -2     300.000  200000.000      0.16211652      0.02756677      26212.03127271
Sr         8   0  -2     300.000  200000.000      0.16211652      0.02756677      26212.03127271
Sr         0   8  -2     300.000  200000.000      0.16211652      0.02756677      26212.03127271
Sr        -2  -8   0     300.000  200000.000      0.16211652      0.02756677      26212.03127271
Sr         2  -8   0     300.000  200000.000      0.16211652      0.02756677      26212.03127271
Sr        -8  -2   0     300.000  200000.000      0.16211652      0.02756677      26212.03127271
Sr         8  -2   0     300.000  200000.000      0.16211652      0.02756677      26212.03127271
Sr        -8   2   0     300.000  200000.000      0.16211652      0.02756677      26212.03127271
Sr         8   2   0     300.000  200000.000      0.16211652      0.02756677      26212.03127271
Sr        -2   8   0     300.000  200000.000      0.16211652      0.02756677      26212.03127271
Sr         2   8   0     300.000  200000.000      0.16211652      0.02756677      26212.03127271
Sr         0  -8   2     300.000  200000.000      0.16211652      0.02756677      26212.03127271
Sr        -8   0   2     300.000  200000.000      0.16211652      0.02756677      26212.03127271
Sr         8   0   2     300.000  200000.000      0.16211652      0.02756677      26212.03127271
Sr         0   8   2     300.000  200000.000      0.16211652      0.02756677      26212.03127271
Sr        -4  -6   4     300.000  200000.000      0.16211652      0.02756677      26212.03127271
Sr         4  -6   4     300.000  200000.000      0.16211652      0.02756677      26212.03127271
Sr        -6  -4   4     300.000  200000.000      0.16211652      0.02756677      26212.03127271
Sr         6  -4   4     300.000  200000.000      0.16211652      0.02756677      26212.03127271
Sr        -6   4   4     300.000  200000.000      0.16211652      0.02756677      26212.03127271
Sr         6   4   4     300.000  200000.000      0.16211652      0.02756677      26212.03127271
Sr        -4   6   4     300.000  200000.000      0.16211652      0.02756677      26212.03127271
Sr         4   6   4     300.000  200000.000      0.16211652      0.02756677      26212.03127271
Sr        -4  -4   6     300.000  200000.000      0.16211652      0.02756677      26212.03127271
Sr         4  -4   6     300.000  200000.000      0.16211652      0.02756677      26212.03127271
Sr        -4   4   6     300.000  200000.000      0.16211652      0.02756677      26212.03127271
Sr         4   4   6     300.000  200000.000      0.16211652      0.02756677      26212.03127271
Sr         0  -2   8     300.000  200000.000      0.16211652      0.02756677      26212.03127271
Sr        -2   0   8     300.000  200000.000      0.16211652      0.02756677      26212.03127271
Sr         2   0   8     300.000  200000.000      0.16211652      0.02756677      26212.03127271
Sr         0   2   8     300.000  200000.000      0.16211652      0.02756677      26212.03127271
Sr        -2  -2  -8     300.000  200000.000      0.14002641      0.02300018      30375.72461565
Sr         2  -2  -8     300.000  200000.000      0.14002641      0.02300018      30375.72461565
Sr        -2   2  -8     300.000  200000.000      0.14002641      0.02300018      30375.72461565
Sr         2   2  -8     300.000  200000.000      0.14002641      0.02300018      30375.72461565
Sr         0  -6  -6     300.000  200000.000      0.14002641      0.02300018      30375.72461565
Sr        -6   0  -6     300.000  200000.000      0.14002641      0.02300018      30375.72461565
Sr         6   0  -6     300.000  200000.000      0.14002641      0.02300018      30375.72461565
Sr         0   6  -6     300.000  200000.000      0.14002641      0.02300018      30375.72461565
Sr        -2  -8  -2     300.000  200000.000      0.14002641      0.02300018      30375.72461565
Sr         2  -8  -2     300.000  200000.000      0.14002641      0.02300018      30375.72461565
Sr        -8  -2  -2     300.000  200000.000      0.14002641      0.02300018      30375.72461565
Sr         8  -2  -2     300.000  200000.000      0.14002641      0.02300018      30375.72461565
Sr        -8   2  -2     300.000  200000.000      0.14002641      0.02300018      30375.72461565
Sr         8   2  -2     300.000  200000.000      0.14002641      0.02300018      30375.72461565
Sr        -2   8  -2     300.000  200000.000      0.14002641      0.02300018      30375.72461565
Sr         2   8  -2     300.000  200000.000      0.14002641      0.02300018      30375.72461565
Sr        -6  -6   0     300.000  200000.000      0.14002641      0.02300018      30375.72461565
Sr         6  -6   0     300.000  200000.000      0.14002641      0.02300018      30375.72461565
Sr        -6   6   0     300.000  200000.000      0.14002641      0.02300018      30375.72461565
Sr         6   6   0     300.000  200000.000      0.14002641      0.02300018      30375.72461565
Sr        -2  -8   2     300.000  200000.000      0.14002641      0.02300018      30375.72461565
Sr         2  -8   2     300.000  200000.000      0.14002641      0.02300018      30375.72461565
Sr        -8  -2   2     300.000  200000.000      0.14002641      0.02300018      30375.72461565
Sr         8  -2   2     300.000  200000.000      0.14002641      0.02300018      30375.72461565
Sr        -8   2   2     300.000  200000.000      0.14002641      0.02300018      30375.72461565
Sr         8   2   2     300.000  200000.000      0.14002641      0.02300018      30375.72461565
Sr        -2   8   2     300.000  200000.000      0.14002641      0.02300018      30375.72461565
Sr         2   8   2     300.000  200000.000      0.14002641      0.02300018      30375.72461565
Sr         0  -6   6     300.000  200000.000      0.14002641      0.02300018      30375.72461565
Sr        -6   0   6     300.000  200000.000      0.14002641      0.02300018      30375.72461565
Sr         6   0   6     300.000  200000.000      0.14002641      0.02300018      30375.72461565
Sr         0   6   6     300.000  200000.000      0.14002641      0.02300018      30375.72461565
Sr        -2  -2   8     300.000  200000.000      0.14002641      0.02300018      30375.72461565
Sr         2  -2   8     300.000  200000.000      0.14002641      0.02300018      30375.72461565
Sr        -2   2   8     300.000  200000.000      0.14002641      0.02300018      30375.72461565
Sr         2   2   8     300.000  200000.000      0.14002641      0.02300018      30375.72461565
Sr        -5  -5  -5     300.000  200000.000      0.12566670      0.01999766      33874.04042101
Sr         5   5   5     300.000  200000.000      0.12566670      0.01999766      33874.04042101
Sr        -1  -5  -7     300.000  200000.000      0.12566670      0.01999766      33874.04042101
Sr        -5  -1  -7     300.000  200000.000      0.12566670      0.01999766      33874.04042101
Sr        -1  -7  -5     300.000  200000.000      0.12566670      0.01999766      33874.04042101
Sr        -7  -1  -5     300.000  200000.000      0.12566670      0.01999766      33874.04042101
Sr        -5  -7  -1     300.000  200000.000      0.12566670      0.01999766      33874.04042101
Sr        -7  -5  -1     300.000  200000.000      0.12566670      0.01999766      33874.04042101
Sr         7   5   1     300.000  200000.000      0.12566670      0.01999766      33874.04042101
Sr         5   7   1     300.000  200000.000      0.12566670      0.01999766      33874.04042101
Sr         7   1   5     300.000  200000.000      0.12566670      0.01999766      33874.04042101
Sr         1   7   5     300.000  200000.000      0.12566670      0.01999766      33874.04042101
Sr         5   1   7     300.000  200000.000      0.12566670      0.01999766      33874.04042101
Sr         1   5   7     300.000  200000.000      0.12566670      0.01999766      33874.04042101
Sr        -2  -6  -6     300.000  200000.000      0.12125143      0.01906998      35117.59633860
Sr         2  -6  -6     300.000  200000.000      0.12125143      0.01906998      35117.59633860
Sr        -6  -2  -6     300.000  200000.000      0.12125143      0.01906998      35117.59633860
Sr         6  -2  -6     300.000  200000.000      0.12125143      0.01906998      35117.59633860
Sr        -6   2  -6     300.000  200000.000      0.12125143      0.01906998      35117.59633860
Sr         6   2  -6     300.000  200000.000      0.12125143      0.01906998      35117.59633860
Sr        -2   6  -6     300.000  200000.000      0.12125143      0.01906998      35117.59633860
Sr         2   6  -6     300.000  200000.000      0.12125143      0.01906998      35117.59633860
Sr        -6  -6  -2     300.000  200000.000      0.12125143      0.01906998      35117.59633860
Sr         6  -6  -2     300.000  200000.000      0.12125143      0.01906998      35117.59633860
Sr        -6   6  -2     300.000  200000.000      0.12125143      0.01906998      35117.59633860
Sr         6   6  -2     300.000  200000.000      0.12125143      0.01906998      35117.59633860
Sr        -6  -6   2     300.000  200000.000      0.12125143      0.01906998      35117.59633860
Sr         6  -6   2     300.000  200000.000      0.12125143      0.01906998      35117.59633860
Sr        -6   6   2     300.000  200000.000      0.12125143      0.01906998      35117.59633860
Sr         6   6   2     300.000  200000.000      0.12125143      0.01906998      35117.59633860
Sr        -2  -6   6     300.000  200000.000      0.12125143      0.01906998      35117.59633860
Sr         2  -6   6     300.000  200000.000      0.12125143      0.01906998      35117.59633860
Sr        -6  -2   6     300.000  200000.000      0.12125143      0.01906998      35117.59633860
Sr         6  -2   6     300.000  200000.000      0.12125143      0.01906998      35117.59633860
Sr        -6   2   6     300.000  200000.000      0.12125143      0.01906998      35117.59633860
Sr         6   2   6     300.000  200000.000      0.12125143      0.01906998      35117.59633860
Sr        -2   6   6     300.000  200000.000      0.12125143      0.01906998      35117.59633860
Sr         2   6   6     300.000  200000.000      0.12125143      0.01906998      35117.59633860
Sr         0  -4  -8     300.000  200000.000      0.10523611      0.01569225      40511.41448474
Sr        -4   0  -8     300.000  200000.000      0.10523611      0.01569225      40511.41448474
Sr         4   0  -8     300.000  200000.000      0.10523611      0.01569225      40511.41448474
Sr         0   4  -8     300.000  200000.000      0.10523611      0.01569225      40511.41448474
Sr         0  -8  -4     300.000  200000.000      0.10523611      0.01569225      40511.41448474
Sr        -8   0  -4     300.000  200000.000      0.10523611      0.01569225      40511.41448474
Sr         8   0  -4     300.000  200000.000      0.10523611      0.01569225      40511.41448474
Sr         0   8  -4     300.000  200000.000      0.10523611      0.01569225      40511.41448474
Sr        -4  -8   0     300.000  200000.000      0.10523611      0.01569225      40511.41448474
Sr         4  -8   0     300.000  200000.000      0.10523611      0.01569225      40511.41448474
Sr        -8  -4   0     300.000  200000.000      0.10523611      0.01569225      40511.41448474
Sr         8  -4   0     300.000  200000.000      0.10523611      0.01569225      40511.41448474
Sr        -8   4   0     300.000  200000.000      0.10523611      0.01569225      40511.41448474
Sr         8   4   0     300.000  200000.000      0.10523611      0.01569225      40511.41448474
Sr        -4   8   0     300.000  200000.000      0.10523611      0.01569225      40511.41448474
Sr         4   8   0     300.000  200000.000      0.10523611      0.01569225      40511.41448474
Sr         0  -8   4     300.000  200000.000      0.10523611      0.01569225      40511.41448474
Sr        -8   0   4     300.000  200000.000      0.10523611      0.01569225      40511.41448474
Sr         8   0   4     300.000  200000.000      0.10523611      0.01569225      40511.41448474
Sr         0   8   4     300.000  200000.000      0.10523611      0.01569225      40511.41448474
Sr         0  -4   8     300.000  200000.000      0.10523611      0.01569225      40511.41448474
Sr        -4   0   8     300.000  200000.000      0.10523611      0.01569225      40511.41448474
Sr         4   0   8     300.000  200000.000      0.10523611      0.01569225      40511.41448474
Sr         0   4   8     300.000  200000.000      0.10523611      0.01569225      40511.41448474
Sr        -1  -1  -9     300.000  200000.000      0.09476035      0.01347727      45034.19002965
Sr        -1  -9  -1     300.000  200000.000      0.09476035      0.01347727      45034.19002965
Sr        -9  -1  -1     300.000  200000.000      0.09476035      0.01347727      45034.19002965
Sr         9   1   1     300.000  200000.000      0.09476035      0.01347727      45034.19002965
Sr         1   9   1     300.000  200000.000      0.09476035      0.01347727      45034.19002965
Sr         1   1   9     300.000  200000.000      0.09476035      0.01347727      45034.19002965
Sr        -3  -5  -7     300.000  200000.000      0.09476035      0.01347727      45034.19002965
Sr        -5  -3  -7     300.000  200000.000      0.09476035      0.01347727      45034.19002965
Sr        -3  -7  -5     300.000  200000.000      0.09476035      0.01347727      45034.19002965
Sr        -7  -3  -5     300.000  200000.000      0.09476035      0.01347727      45034.19002965
Sr        -5  -7  -3     300.000  200000.000      0.09476035      0.01347727      45034.19002965
Sr        -7  -5  -3     300.000  200000.000      0.09476035      0.01347727      45034.19002965
Sr         7   5   3     300.000  200000.000      0.09476035      0.01347727      45034.19002965
Sr         5   7   3     300.000  200000.000      0.09476035      0.01347727      45034.19002965
Sr         7   3   5     300.000  200000.000      0.09476035      0.01347727      45034.19002965
Sr         3   7   5     300.000  200000.000      0.09476035      0.01347727      45034.19002965
Sr         5   3   7     300.000  200000.000      0.09476035      0.01347727      45034.19002965
Sr         3   5   7     300.000  200000.000      0.09476035      0.01347727      45034.19002965
Sr        -2  -4  -8     300.000  200000.000      0.09152824      0.01279406      46640.21326169
Sr         2  -4  -8     300.000  200000.000      0.09152824      0.01279406      46640.21326169
Sr        -4  -2  -8     300.000  200000.000      0.09152824      0.01279406      46640.21326169
Sr         4  -2  -8     300.000  200000.000      0.09152824      0.01279406      46640.21326169
Sr        -4   2  -8     300.000  200000.000      0.09152824      0.01279406      46640.21326169
Sr         4   2  -8     300.000  200000.000      0.09152824      0.01279406      46640.21326169
Sr        -2   4  -8     300.000  200000.000      0.09152824      0.01279406      46640.21326169
Sr         2   4  -8     300.000  200000.000      0.09152824      0.01279406      46640.21326169
Sr        -2  -8  -4     300.000  200000.000      0.09152824      0.01279406      46640.21326169
Sr         2  -8  -4     300.000  200000.000      0.09152824      0.01279406      46640.21326169
Sr        -8  -2  -4     300.000  200000.000      0.09152824      0.01279406      46640.21326169
Sr         8  -2  -4     300.000  200000.000      0.09152824      0.01279406      46640.21326169
Sr        -8   2  -4     300.000  200000.000      0.09152824      0.01279406      46640.21326169
Sr         8   2  -4     300.000  200000.000      0.09152824      0.01279406      46640.21326169
Sr        -2   8  -4     300.000  200000.000      0.09152824      0.01279406      46640.21326169
Sr         2   8  -4     300.000  200000.000      0.09152824      0.01279406      46640.21326169
Sr        -4  -8  -2     300.000  200000.000      0.09152824      0.01279406      46640.21326169
Sr         4  -8  -2     300.000  200000.000      0.09152824      0.01279406      46640.21326169
Sr        -8  -4  -2     300.000  200000.000      0.09152824      0.01279406      46640.21326169
Sr         8  -4  -2     300.000  200000.000      0.09152824      0.01279406      46640.21326169
Sr        -8   4  -2     300.000  200000.000      0.09152824      0.01279406      46640.21326169
Sr         8   4  -2     300.000  200000.000      0.09152824      0.01279406      46640.21326169
Sr        -4   8  -2     300.000  200000.000      0.09152824      0.01279406      46640.21326169
Sr         4   8  -2     300.000  200000.000      0.09152824      0.01279406      46640.21326169
Sr        -4  -8   2     300.000  200000.000      0.09152824      0.01279406      46640.21326169
Sr         4  -8   2     300.000  200000.000      0.09152824      0.01279406      46640.21326169
Sr        -8  -4   2     300.000  200000.000      0.09152824      0.01279406      46640.21326169
Sr         8  -4   2     300.000  200000.000      0.09152824      0.01279406      46640.21326169
Sr        -8   4   2     300.000  200000.000      0.09152824      0.01279406      46640.21326169
Sr         8   4   2     300.000  200000.000      0.09152824      0.01279406      46640.21326169
Sr        -4   8   2     300.000  200000.000      0.09152824      0.01279406      46640.21326169
Sr         4   8   2     300.000  200000.000      0.09152824      0.01279406      46640.21326169
Sr        -2  -8   4     300.000  200000.000      0.09152824      0.01279406      46640.21326169
Sr         2  -8   4     300.000  200000.000      0.09152824      0.01279406      46640.21326169
Sr        -8  -2   4     300.000  200000.000      0.09152824      0.01279406      46640.21326169
Sr         8  -2   4     300.000  200000.000      0.09152824      0.01279406      46640.21326169
Sr        -8   2   4     300.000  200000.000      0.09152824      0.01279406      46640.21326169
Sr         8   2   4     300.000  200000.000      0.09152824      0.01279406      46640.21326169
Sr        -2   8   4     300.000  200000.000      0.09152824      0.01279406      46640.21326169
Sr         2   8   4     300.000  200000.000      0.09152824      0.01279406      46640.21326169
Sr        -2  -4   8     300.000  200000.000      0.09152824      0.01279406      46640.21326169
Sr         2  -4   8     300.000  200000.000      0.09152824      0.01279406      46640.21326169
Sr        -4  -2   8     300.000  200000.000      0.09152824      0.01279406      46640.21326169
Sr         4  -2   8     300.000  200000.000      0.09152824      0.01279406      46640.21326169
Sr        -4   2   8     300.000  200000.000      0.09152824      0.01279406      46640.21326169
Sr         4   2   8     300.000  200000.000      0.09152824      0.01279406      46640.21326169
Sr        -2   4   8     300.000  200000.000      0.09152824      0.01279406      46640.21326169
Sr         2   4   8     300.000  200000.000      0.09152824      0.01279406      46640.21326169
Sr        -4  -6  -6     300.000  200000.000      0.07975801      0.01031202      53597.36471699
Sr         4  -6  -6     300.000  200000.000      0.07975801      0.01031202      53597.36471699
Sr        -6  -4  -6     300.000  200000.000      0.07975801      0.01031202      53597.36471699
Sr         6  -4  -6     300.000  200000.000      0.07975801      0.01031202      53597.36471699
Sr        -6   4  -6     300.000  200000.000      0.07975801      0.01031202      53597.36471699
Sr         6   4  -6     300.000  200000.000      0.07975801      0.01031202      53597.36471699
Sr        -4   6  -6     300.000  200000.000      0.07975801      0.01031202      53597.36471699
Sr         4   6  -6     300.000  200000.000      0.07975801      0.01031202      53597.36471699
Sr        -6  -6  -4     300.000  200000.000      0.07975801      0.01031202      53597.36471699
Sr         6  -6  -4     300.000  200000.000      0.07975801      0.01031202      53597.36471699
Sr        -6   6  -4     300.000  200000.000      0.07975801      0.01031202      53597.36471699
Sr         6   6  -4     300.000  200000.000      0.07975801      0.01031202      53597.36471699
Sr        -6  -6   4     300.000  200000.000      0.07975801      0.01031202      53597.36471699
Sr         6  -6   4     300.000  200000.000      0.07975801      0.01031202      53597.36471699
Sr        -6   6   4     300.000  200000.000      0.07975801      0.01031202      53597.36471699
Sr         6   6   4     300.000  200000.000      0.07975801      0.01031202      53597.36471699
Sr        -4  -6   6     300.000  200000.000      0.07975801      0.01031202      53597.36471699
Sr         4  -6   6     300.000  200000.000      0.07975801      0.01031202      53597.36471699
Sr        -6  -4   6     300.000  200000.000      0.07975801      0.01031202      53597.36471699
Sr         6  -4   6     300.000  200000.000      0.07975801      0.01031202      53597.36471699
Sr        -6   4   6     300.000  200000.000      0.07975801      0.01031202      53597.36471699
Sr         6   4   6     300.000  200000.000      0.07975801      0.01031202      53597.36471699
Sr        -4   6   6     300.000  200000.000      0.07975801      0.01031202      53597.36471699
Sr         4   6   6     300.000  200000.000      0.07975801      0.01031202      53597.36471699
Sr        -1  -3  -9     300.000  200000.000      0.07201706      0.00869014      59421.44573387
Sr        -3  -1  -9     300.000  200000.000      0.07201706      0.00869014      59421.44573387
Sr        -1  -9  -3     300.000  200000.000      0.07201706      0.00869014      59421.44573387
Sr        -9  -1  -3     300.000  200000.000      0.07201706      0.00869014      59421.44573387
Sr        -3  -9  -1     300.000  200000.000      0.07201706      0.00869014      59421.44573387
Sr        -9  -3  -1     300.000  200000.000      0.07201706      0.00869014      59421.44573387
Sr         9   3   1     300.000  200000.000      0.07201706      0.00869014      59421.44573387
Sr         3   9   1     300.000  200000.000      0.07201706      0.00869014      59421.44573387
Sr         9   1   3     300.000  200000.000      0.07201706      0.00869014      59421.44573387
Sr         1   9   3     300.000  200000.000      0.07201706      0.00869014      59421.44573387
Sr         3   1   9     300.000  200000.000      0.07201706      0.00869014      59421.44573387
Sr         1   3   9     300.000  200000.000      0.07201706      0.00869014      59421.44573387
Sr        -4  -4  -8     300.000  200000.000      0.06086845      0.00638295      70428.83812937
Sr         4  -4  -8     300.000  200000.000      0.06086845      0.00638295      70428.83812937
Sr        -4   4  -8     300.000  200000.000      0.06086845      0.00638295      70428.83812937
Sr         4   4  -8     300.000  200000.000      0.06086845      0.00638295      70428.83812937
Sr        -4  -8  -4     300.000  200000.000      0.06086845      0.00638295      70428.83812937
Sr         4  -8  -4     300.000  200000.000      0.06086845      0.00638295      70428.83812937
Sr        -8  -4  -4     300.000  200000.000      0.06086845      0.00638295      70428.83812937
Sr         8  -4  -4     300.000  200000.000      0.06086845      0.00638295      70428.83812937
Sr        -8   4  -4     300.000  200000.000      0.06086845      0.00638295      70428.83812937
Sr         8   4  -4     300.000  200000.000      0.06086845      0.00638295      70428.83812937
Sr        -4   8  -4     300.000  200000.000      0.06086845      0.00638295      70428.83812937
Sr         4   8  -4     300.000  200000.000      0.06086845      0.00638295      70428.83812937
Sr        -4  -8   4     300.000  200000.000      0.06086845      0.00638295      70428.83812937
Sr         4  -8   4     300.000  200000.000      0.06086845      0.00638295      70428.83812937
Sr        -8  -4   4     300.000  200000.000      0.06086845      0.00638295      70428.83812937
Sr         8  -4   4     300.000  200000.000      0.06086845      0.00638295      70428.83812937
Sr        -8   4   4     300.000  200000.000      0.06086845      0.00638295      70428.83812937
Sr         8   4   4     300.000  200000.000      0.06086845      0.00638295      70428.83812937
Sr        -4   8   4     300.000  200000.000      0.06086845      0.00638295      70428.83812937
Sr         4   8   4     300.000  200000.000      0.06086845      0.00638295      70428.83812937
Sr        -4  -4   8     300.000  200000.000      0.06086845      0.00638295      70428.83812937
Sr         4  -4   8     300.000  200000.000      0.06086845      0.00638295      70428.83812937
Sr        -4   4   8     300.000  200000.000      0.06086845      0.00638295      70428.83812937
Sr         4   4   8     300.000  200000.000      0.06086845      0.00638295      70428.83812937
Sr        -3  -3  -9     300.000  200000.000      0.05508495      0.00520699      77902.78486448
Sr        -3  -9  -3     300.000  200000.000      0.05508495      0.00520699      77902.78486448
Sr        -9  -3  -3     300.000  200000.000      0.05508495      0.00520699      77902.78486448
Sr         9   3   3     300.000  200000.000      0.05508495      0.00520699      77902.78486448
Sr         3   9   3     300.000  200000.000      0.05508495      0.00520699      77902.78486448
Sr         3   3   9     300.000  200000.000      0.05508495      0.00520699      77902.78486448
Sr        -1  -7  -7     300.000  200000.000      0.05508495      0.00520699      77902.78486448
Sr        -5  -5  -7     300.000  200000.000      0.05508495      0.00520699      77902.78486448
Sr        -7  -1  -7     300.000  200000.000      0.05508495      0.00520699      77902.78486448
Sr        -5  -7  -5     300.000  200000.000      0.05508495      0.00520699      77902.78486448
Sr        -7  -5  -5     300.000  200000.000      0.05508495      0.00520699      77902.78486448
Sr        -7  -7  -1     300.000  200000.000      0.05508495      0.00520699      77902.78486448
Sr         7   7   1     300.000  200000.000      0.05508495      0.00520699      77902.78486448
Sr         7   5   5     300.000  200000.000      0.05508495      0.00520699      77902.78486448
Sr         5   7   5     300.000  200000.000      0.05508495      0.00520699      77902.78486448
Sr         7   1   7     300.000  200000.000      0.05508495      0.00520699      77902.78486448
Sr         5   5   7     300.000  200000.000      0.05508495      0.00520699      77902.78486448
Sr         1   7   7     300.000  200000.000      0.05508495      0.00520699      77902.78486448
Sr         0   0 -10     300.000  200000.000      0.05329074      0.00484613      80552.22288519
Sr         0  -6  -8     300.000  200000.000      0.05329074      0.00484613      80552.22288519
Sr        -6   0  -8     300.000  200000.000      0.05329074      0.00484613      80552.22288519
Sr         6   0  -8     300.000  200000.000      0.05329074      0.00484613      80552.22288519
Sr         0   6  -8     300.000  200000.000      0.05329074      0.00484613      80552.22288519
Sr         0  -8  -6     300.000  200000.000      0.05329074      0.00484613      80552.22288519
Sr        -8   0  -6     300.000  200000.000      0.05329074      0.00484613      80552.22288519
Sr         8   0  -6     300.000  200000.000      0.05329074      0.00484613      80552.22288519
Sr         0   8  -6     300.000  200000.000      0.05329074      0.00484613      80552.22288519
Sr         0 -10   0     300.000  200000.000      0.05329074      0.00484613      80552.22288519
Sr        -6  -8   0     300.000  200000.000      0.05329074      0.00484613      80552.22288519
Sr         6  -8   0     300.000  200000.000      0.05329074      0.00484613      80552.22288519
Sr        -8  -6   0     300.000  200000.000      0.05329074      0.00484613      80552.22288519
Sr         8  -6   0     300.000  200000.000      0.05329074      0.00484613      80552.22288519
Sr       -10   0   0     300.000  200000.000      0.05329074      0.00484613      80552.22288519
Sr        10   0   0     300.000  200000.000      0.05329074      0.00484613      80552.22288519
Sr        -8   6   0     300.000  200000.000      0.05329074      0.00484613      80552.22288519
Sr         8   6   0     300.000  200000.000      0.05329074      0.00484613      80552.22288519
Sr        -6   8   0     300.000  200000.000      0.05329074      0.00484613      80552.22288519
Sr         6   8   0     300.000  200000.000      0.05329074      0.00484613      80552.22288519
Sr         0  10   0     300.000  200000.000      0.05329074      0.00484613      80552.22288519
Sr         0  -8   6     300.000  200000.000      0.05329074      0.00484613      80552.22288519
Sr        -8   0   6     300.000  200000.000      0.05329074      0.00484613      80552.22288519
Sr         8   0   6     300.000  200000.000      0.05329074      0.00484613      80552.22288519
Sr         0   8   6     300.000  200000.000      0.05329074      0.00484613      80552.22288519
Sr         0  -6   8     300.000  200000.000      0.05329074      0.00484613      80552.22288519
Sr        -6   0   8     300.000  200000.000      0.05329074      0.00484613      80552.22288519
Sr         6   0   8     300.000  200000.000      0.05329074      0.00484613      80552.22288519
Sr         0   6   8     300.000  200000.000      0.05329074      0.00484613      80552.22288519
Sr         0   0  10     300.000  200000.000      0.05329074      0.00484613      80552.22288519
