 element name, upper case, 2 characters, left justified =
 output filename (no more than 60 characters) =
 INPUT filename (=the output filename for inputREAL.exe)=
 OUTPUT filename (not more than 60 characters)=
 writing to file "Fit/FE.fit.dat"
 input the initial 5 values of a(i)=
 input the initial 5 values of b(i)=
   2.3769999999999998        2.3771403087279070     
   67.519999999999996        67.520872050004499     
   2.3370000000000002        2.3369992381508000     
   16.780000000000001        16.780756093657772     
   1.7480000000000000        1.7482060430326487     
   3.3799999999999999        3.3800699709729152     
  0.56000000000000005       0.55997042466052127     
  0.69299999999999995       0.69304730018762628     
  0.13320000000000001       0.13317437810760371     
   7.7520000000000006E-002   7.7526388024924203E-002
   2.3771403087279070        2.3770574856854489     
   67.520872050004499        67.522341141060792     
   2.3369992381508000        2.3370094200026008     
   16.780756093657772        16.781737691155556     
   1.7482060430326487        1.7482668286945997     
   3.3800699709729152        3.3801991283890103     
  0.55997042466052127       0.55998342621850783     
  0.69304730018762628       0.69305446875881538     
  0.13317437810760371       0.13317453125311693     
   7.7526388024924203E-002   7.7526513304723571E-002
   2.3770574856854489        2.3770102646888716     
   67.522341141060792        67.523269466622182     
   2.3370094200026008        2.3370219428211243     
   16.781737691155556        16.782233133705368     
   1.7482668286945997        1.7482871014648020     
   3.3801991283890103        3.3802775723004581     
  0.55998342621850783       0.55999711016701137     
  0.69305446875881538       0.69306927552853148     
  0.13317453125311693       0.13317619621422608     
   7.7526513304723571E-002   7.7527351171212275E-002
   2.3770102646888716        2.3769864462741737     
   67.523269466622182        67.523735819625301     
   2.3370219428211243        2.3370268749666612     
   16.782233133705368        16.782489788292754     
   1.7482871014648020        1.7482963203424664     
   3.3802775723004581        3.3803236147723954     
  0.55999711016701137       0.56000585695950222     
  0.69306927552853148       0.69307991171752326     
  0.13317619621422608       0.13317758802671267     
   7.7527351171212275E-002   7.7528078909388815E-002
   2.3769864462741737        2.3769735007390209     
   67.523735819625301        67.523987049707188     
   2.3370268749666612        2.3370290869538586     
   16.782489788292754        16.782631831580790     
   1.7482963203424664        1.7483011757952545     
   3.3803236147723954        3.3803504711809116     
  0.56000585695950222       0.56001108911388542     
  0.69307991171752326       0.69308648944253815     
  0.13317758802671267       0.13317848316707720     
   7.7528078909388815E-002   7.7528552095351505E-002
   2.3769735007390209        2.3769661657200447     
   67.523987049707188        67.524128828267138     
   2.3370290869538586        2.3370302318603677     
   16.782631831580790        16.782712909624554     
   1.7483011757952545        1.7483038957553241     
   3.3803504711809116        3.3803661029276579     
  0.56001108911388542       0.56001416085892042     
  0.69308648944253815       0.69309039296450770     
  0.13317848316707720       0.13317902085618857     
   7.7528552095351505E-002   7.7528837276763268E-002
   2.3769661657200447        2.3769619406523712     
   67.524128828267138        67.524210371400798     
   2.3370302318603677        2.3370308683133665     
   16.782712909624554        16.782759738383589     
   1.7483038957553241        1.7483054560916296     
   3.3803661029276579        3.3803751947085305     
  0.56001416085892042       0.56001595284214123     
  0.69309039296450770       0.69309267854605761     
  0.13317902085618857       0.13317933695907155     
   7.7528837276763268E-002   7.7529005117035976E-002
   2.3769619406523712        2.3769594923108373     
   67.524210371400798        67.524257598426061     
   2.3370308683133665        2.3370312323632074     
   16.782759738383589        16.782786900933164     
   1.7483054560916296        1.7483063589651171     
   3.3803751947085305        3.3803804813237277     
  0.56001595284214123       0.56001699592956378     
  0.69309267854605761       0.69309401064266474     
  0.13317933695907155       0.13317952144918052     
   7.7529005117035976E-002   7.7529103112163003E-002
   2.3769594923108373        2.3769580705197741     
   67.524257598426061        67.524285018666049     
   2.3370312323632074        2.3370314427964689     
   16.782786900933164        16.782802680040660     
   1.7483063589651171        1.7483068830102126     
   3.3803804813237277        3.3803835550584096     
  0.56001699592956378       0.56001760262412115     
  0.69309401064266474       0.69309478577924066     
  0.13317952144918052       0.13317962885476378     
   7.7529103112163003E-002   7.7529160169989550E-002
   2.3769580705197741        2.3769572442430436     
   67.524285018666049        67.524300952919816     
   2.3370314427964689        2.3370315648904216     
   16.782802680040660        16.782811851202531     
   1.7483068830102126        1.7483071875052083     
   3.3803835550584096        3.3803853421253591     
  0.56001760262412115       0.56001795540173382     
  0.69309478577924066       0.69309523657199745     
  0.13317962885476378       0.13317969132880933     
   7.7529160169989550E-002   7.7529193360043921E-002
   2.3769572442430436        2.3769567639239999     
   67.524300952919816        67.524310215366341     
   2.3370315648904216        2.3370316358233749     
   16.782811851202531        16.782817182673490     
   1.7483071875052083        1.7483073644985034     
   3.3803853421253591        3.3803863811125545     
  0.56001795540173382       0.56001816051335873     
  0.69309523657199745       0.69309549868589271     
  0.13317969132880933       0.13317972765658442     
   7.7529193360043921E-002   7.7529212659903979E-002
   2.3769567639239999        2.3769564846861084     
   67.524310215366341        67.524315600129725     
   2.3370316358233749        2.3370316770525026     
   16.782817182673490        16.782820282219625     
   1.7483073644985034        1.7483074673928602     
   3.3803863811125545        3.3803869851693089     
  0.56001816051335873       0.56001827976513319     
  0.69309549868589271       0.69309565108170945     
  0.13317972765658442       0.13317974877838792     
   7.7529212659903979E-002   7.7529223881350390E-002
   2.3769564846861084        2.3769563223432990     
   67.524315600129725        67.524318730704238     
   2.3370316770525026        2.3370317010204840     
   16.782820282219625        16.782822084237644     
   1.7483074673928602        1.7483075272129089     
   3.3803869851693089        3.3803873363613213     
  0.56001827976513319       0.56001834909721315     
  0.69309565108170945       0.69309573968409521     
  0.13317974877838792       0.13317976105862162     
   7.7529223881350390E-002   7.7529230405521676E-002
   2.3769563223432990        2.3769562279596452     
   67.524318730704238        67.524320550771009     
   2.3370317010204840        2.3370317149547475     
   16.782822084237644        16.782823131905662     
   1.7483075272129089        1.7483075619912787     
   3.3803873363613213        3.3803875405404171     
  0.56001834909721315       0.56001838940618942     
  0.69309573968409521       0.69309579119676101     
  0.13317976105862162       0.13317976819826310     
   7.7529230405521676E-002   7.7529234198631738E-002
   2.3769562279596452        2.3769561730862043     
   67.524320550771009        67.524321608933931     
   2.3370317149547475        2.3370317230558690     
   16.782823131905662        16.782823741006812     
   1.7483075619912787        1.7483075822109542     
   3.3803875405404171        3.3803876592478193     
  0.56001838940618942       0.56001841284138720     
  0.69309579119676101       0.69309582114568846     
  0.13317976819826310       0.13317977234918038     
   7.7529234198631738E-002   7.7529236403909171E-002
   2.3769561730862043        2.3769561411834368     
   67.524321608933931        67.524322224137237     
   2.3370317230558690        2.3370317277657513     
   16.782823741006812        16.782824095131062     
   1.7483075822109542        1.7483075939664274     
   3.3803876592478193        3.3803877282629484     
  0.56001841284138720       0.56001842646634759     
  0.69309582114568846       0.69309583855766377     
  0.13317977234918038       0.13317977476247866     
   7.7529236403909171E-002   7.7529237686033689E-002
   2.3769561411834368        2.3769561226355398     
   67.524322224137237        67.524322581809258     
   2.3370317277657513        2.3370317305040174     
   16.782824095131062        16.782824301014806     
   1.7483075939664274        1.7483076008009224     
   3.3803877282629484        3.3803877683875565     
  0.56001842646634759       0.56001843438774457     
  0.69309583855766377       0.69309584868078944     
  0.13317977476247866       0.13317977616554319     
   7.7529237686033689E-002   7.7529238431446504E-002
   2.3769561226355398        2.3769561118520066     
   67.524322581809258        67.524322789755644     
   2.3370317305040174        2.3370317320960132     
   16.782824301014806        16.782824420713240     
   1.7483076008009224        1.7483076047744182     
   3.3803877683875565        3.3803877917155436     
  0.56001843438774457       0.56001843899315429     
  0.69309584868078944       0.69309585456625933     
  0.13317977616554319       0.13317977698126898     
   7.7529238431446504E-002   7.7529238864821062E-002
   2.3769561226355398        2.3769561118520066     
   67.524322581809258        67.524322789755644     
   2.3370317305040174        2.3370317320960132     
   16.782824301014806        16.782824420713240     
   1.7483076008009224        1.7483076047744182     
   3.3803877683875565        3.3803877917155436     
  0.56001843438774457       0.56001843899315429     
  0.69309584868078944       0.69309585456625933     
  0.13317977616554319       0.13317977698126898     
   7.7529238431446504E-002   7.7529238864821062E-002
   2.3769561226355398        2.3769561118520066     
   67.524322581809258        67.524322789755644     
   2.3370317305040174        2.3370317320960132     
   16.782824301014806        16.782824420713240     
   1.7483076008009224        1.7483076047744182     
   3.3803877683875565        3.3803877917155436     
  0.56001843438774457       0.56001843899315429     
  0.69309584868078944       0.69309585456625933     
  0.13317977616554319       0.13317977698126898     
   7.7529238431446504E-002   7.7529238864821062E-002
   2.3769561226355398        2.3769561118520066     
   67.524322581809258        67.524322789755644     
   2.3370317305040174        2.3370317320960132     
   16.782824301014806        16.782824420713240     
   1.7483076008009224        1.7483076047744182     
   3.3803877683875565        3.3803877917155436     
  0.56001843438774457       0.56001843899315429     
  0.69309584868078944       0.69309585456625933     
  0.13317977616554319       0.13317977698126898     
   7.7529238431446504E-002   7.7529238864821062E-002
   2.3769561226355398        2.3769561118520066     
   67.524322581809258        67.524322789755644     
   2.3370317305040174        2.3370317320960132     
   16.782824301014806        16.782824420713240     
   1.7483076008009224        1.7483076047744182     
   3.3803877683875565        3.3803877917155436     
  0.56001843438774457       0.56001843899315429     
  0.69309584868078944       0.69309585456625933     
  0.13317977616554319       0.13317977698126898     
   7.7529238431446504E-002   7.7529238864821062E-002
   2.3769561226355398        2.3769561118520066     
   67.524322581809258        67.524322789755644     
   2.3370317305040174        2.3370317320960132     
   16.782824301014806        16.782824420713240     
   1.7483076008009224        1.7483076047744182     
   3.3803877683875565        3.3803877917155436     
  0.56001843438774457       0.56001843899315429     
  0.69309584868078944       0.69309585456625933     
  0.13317977616554319       0.13317977698126898     
   7.7529238431446504E-002   7.7529238864821062E-002
   2.3769561226355398        2.3769561118520066     
   67.524322581809258        67.524322789755644     
   2.3370317305040174        2.3370317320960132     
   16.782824301014806        16.782824420713240     
   1.7483076008009224        1.7483076047744182     
   3.3803877683875565        3.3803877917155436     
  0.56001843438774457       0.56001843899315429     
  0.69309584868078944       0.69309585456625933     
  0.13317977616554319       0.13317977698126898     
   7.7529238431446504E-002   7.7529238864821062E-002
   2.3769561226355398        2.3769561118520066     
   67.524322581809258        67.524322789755644     
   2.3370317305040174        2.3370317320960132     
   16.782824301014806        16.782824420713240     
   1.7483076008009224        1.7483076047744182     
   3.3803877683875565        3.3803877917155436     
  0.56001843438774457       0.56001843899315429     
  0.69309584868078944       0.69309585456625933     
  0.13317977616554319       0.13317977698126898     
   7.7529238431446504E-002   7.7529238864821062E-002
   2.3769561226355398        2.3769561118520066     
   67.524322581809258        67.524322789755644     
   2.3370317305040174        2.3370317320960132     
   16.782824301014806        16.782824420713240     
   1.7483076008009224        1.7483076047744182     
   3.3803877683875565        3.3803877917155436     
  0.56001843438774457       0.56001843899315429     
  0.69309584868078944       0.69309585456625933     
  0.13317977616554319       0.13317977698126898     
   7.7529238431446504E-002   7.7529238864821062E-002
   2.3769561226355398        2.3769561118520071     
   67.524322581809258        67.524322789755644     
   2.3370317305040174        2.3370317320960132     
   16.782824301014806        16.782824420713240     
   1.7483076008009224        1.7483076047744182     
   3.3803877683875565        3.3803877917155436     
  0.56001843438774457       0.56001843899315429     
  0.69309584868078944       0.69309585456625933     
  0.13317977616554319       0.13317977698126895     
   7.7529238431446504E-002   7.7529238864821062E-002
   2.3769561118520071        2.3769561055825852     
   67.524322789755644        67.524322910653254     
   2.3370317320960132        2.3370317330215808     
   16.782824420713240        16.782824490304531     
   1.7483076047744182        1.7483076070845631     
   3.3803877917155436        3.3803878052781666     
  0.56001843899315429       0.56001844167068648     
  0.69309585456625933       0.69309585798800388     
  0.13317977698126895       0.13317977745552256     
   7.7529238864821062E-002   7.7529239116780058E-002
   2.3769561118520071        2.3769561055825852     
   67.524322789755644        67.524322910653254     
   2.3370317320960132        2.3370317330215808     
   16.782824420713240        16.782824490304531     
   1.7483076047744182        1.7483076070845631     
   3.3803877917155436        3.3803878052781666     
  0.56001843899315429       0.56001844167068648     
  0.69309585456625933       0.69309585798800388     
  0.13317977698126895       0.13317977745552256     
   7.7529238864821062E-002   7.7529239116780044E-002
   2.3769561118520071        2.3769561055825861     
   67.524322789755644        67.524322910653240     
   2.3370317320960132        2.3370317330215804     
   16.782824420713240        16.782824490304524     
   1.7483076047744182        1.7483076070845629     
   3.3803877917155436        3.3803878052781657     
  0.56001843899315429       0.56001844167068626     
  0.69309585456625933       0.69309585798800355     
  0.13317977698126895       0.13317977745552254     
   7.7529238864821062E-002   7.7529239116780030E-002
   2.3769561055825861        2.3769561019376155     
   67.524322910653240        67.524322980941761     
   2.3370317330215804        2.3370317335596957     
   16.782824490304524        16.782824530764099     
   1.7483076070845629        1.7483076084276543     
   3.3803878052781657        3.3803878131633187     
  0.56001844167068626       0.56001844322737271     
  0.69309585798800355       0.69309585997736667     
  0.13317977745552254       0.13317977773124814     
   7.7529239116780030E-002   7.7529239263266103E-002
   2.3769561019376155        2.3769560998184720     
   67.524322980941761        67.524323021806680     
   2.3370317335596957        2.3370317338725495     
   16.782824530764099        16.782824554286833     
   1.7483076084276543        1.7483076092085119     
   3.3803878131633187        3.3803878177476574     
  0.56001844322737271       0.56001844413241264     
  0.69309585997736667       0.69309586113395971     
  0.13317977773124814       0.13317977789155189     
   7.7529239263266103E-002   7.7529239348431436E-002
   2.3769561019376155        2.3769560998184720     
   67.524322980941761        67.524323021806680     
   2.3370317335596957        2.3370317338725495     
   16.782824530764099        16.782824554286833     
   1.7483076084276543        1.7483076092085119     
   3.3803878131633187        3.3803878177476574     
  0.56001844322737271       0.56001844413241264     
  0.69309585997736667       0.69309586113395971     
  0.13317977773124814       0.13317977789155189     
   7.7529239263266103E-002   7.7529239348431436E-002
   2.3769561019376155        2.3769560998184724     
   67.524322980941761        67.524323021806680     
   2.3370317335596957        2.3370317338725495     
   16.782824530764099        16.782824554286830     
   1.7483076084276543        1.7483076092085119     
   3.3803878131633187        3.3803878177476570     
  0.56001844322737271       0.56001844413241253     
  0.69309585997736667       0.69309586113395960     
  0.13317977773124814       0.13317977789155186     
   7.7529239263266103E-002   7.7529239348431436E-002
   2.3769561019376155        2.3769560998184742     
   67.524322980941761        67.524323021806637     
   2.3370317335596957        2.3370317338725490     
   16.782824530764099        16.782824554286808     
   1.7483076084276543        1.7483076092085110     
   3.3803878131633187        3.3803878177476530     
  0.56001844322737271       0.56001844413241186     
  0.69309585997736667       0.69309586113395882     
  0.13317977773124814       0.13317977789155178     
   7.7529239263266103E-002   7.7529239348431395E-002
   2.3769560998184742        2.3769560985864322     
   67.524323021806637        67.524323045564884     
   2.3370317338725490        2.3370317340544342     
   16.782824554286808        16.782824567962635     
   1.7483076092085110        1.7483076096624928     
   3.3803878177476530        3.3803878204129347     
  0.56001844413241186       0.56001844465859163     
  0.69309586113395882       0.69309586180638882     
  0.13317977789155178       0.13317977798475053     
   7.7529239348431395E-002   7.7529239397945537E-002
   2.3769560998184742        2.3769560985864331     
   67.524323021806637        67.524323045564856     
   2.3370317338725490        2.3370317340544338     
   16.782824554286808        16.782824567962624     
   1.7483076092085110        1.7483076096624923     
   3.3803878177476530        3.3803878204129330     
  0.56001844413241186       0.56001844465859130     
  0.69309586113395882       0.69309586180638838     
  0.13317977789155178       0.13317977798475047     
   7.7529239348431395E-002   7.7529239397945510E-002
   2.3769560998184742        2.3769560985864446     
   67.524323021806637        67.524323045564643     
   2.3370317338725490        2.3370317340544311     
   16.782824554286808        16.782824567962500     
   1.7483076092085110        1.7483076096624874     
   3.3803878177476530        3.3803878204129112     
  0.56001844413241186       0.56001844465858719     
  0.69309586113395882       0.69309586180638383     
  0.13317977789155178       0.13317977798474995     
   7.7529239348431395E-002   7.7529239397945246E-002
   2.3769560998184742        2.3769560985865610     
   67.524323021806637        67.524323045562397     
   2.3370317338725490        2.3370317340544058     
   16.782824554286808        16.782824567961256     
   1.7483076092085110        1.7483076096624401     
   3.3803878177476530        3.3803878204126958     
  0.56001844413241186       0.56001844465854700     
  0.69309586113395882       0.69309586180633886     
  0.13317977789155178       0.13317977798474481     
   7.7529239348431395E-002   7.7529239397942679E-002
   2.3769560998184742        2.3769560985877232     
   67.524323021806637        67.524323045539958     
   2.3370317338725490        2.3370317340541509     
   16.782824554286808        16.782824567948829     
   1.7483076092085110        1.7483076096619667     
   3.3803878177476530        3.3803878204105429     
  0.56001844413241186       0.56001844465814465     
  0.69309586113395882       0.69309586180588900     
  0.13317977789155178       0.13317977798469346     
   7.7529239348431395E-002   7.7529239397916963E-002
   2.3769560985877232        2.3769560978708824     
   67.524323045539958        67.524323059363255     
   2.3370317340541509        2.3370317341600448     
   16.782824567948829        16.782824575905465     
   1.7483076096619667        1.7483076099261448     
   3.3803878204105429        3.3803878219609951     
  0.56001844465814465       0.56001844496421715     
  0.69309586180588900       0.69309586219697694     
  0.13317977798469346       0.13317977803888842     
   7.7529239397916963E-002   7.7529239426708016E-002
   2.3769560985877232        2.3769560978715583     
   67.524323045539958        67.524323059350195     
   2.3370317340541509        2.3370317341598965     
   16.782824567948829        16.782824575898236     
   1.7483076096619667        1.7483076099258692     
   3.3803878204105429        3.3803878219597423     
  0.56001844465814465       0.56001844496398301     
  0.69309586180588900       0.69309586219671526     
  0.13317977798469346       0.13317977803885855     
   7.7529239397916963E-002   7.7529239426693056E-002
   2.3769560985877232        2.3769560978782533     
   67.524323045539958        67.524323059220961     
   2.3370317340541509        2.3370317341584315     
   16.782824567948829        16.782824575826634     
   1.7483076096619667        1.7483076099231425     
   3.3803878204105429        3.3803878219473305     
  0.56001844465814465       0.56001844496166309     
  0.69309586180588900       0.69309586219412100     
  0.13317977798469346       0.13317977803856226     
   7.7529239397916963E-002   7.7529239426544647E-002
   2.3769560985877232        2.3769560979390629     
   67.524323045539958        67.524323058048211     
   2.3370317340541509        2.3370317341453783     
   16.782824567948829        16.782824575174882     
   1.7483076096619667        1.7483076098984169     
   3.3803878204105429        3.3803878218336556     
  0.56001844465814465       0.56001844494034658     
  0.69309586180588900       0.69309586217021912     
  0.13317977798469346       0.13317977803582279     
   7.7529239397916963E-002   7.7529239425171509E-002
   2.3769560985877232        2.3769560982412097     
   67.524323045539958        67.524323052259618     
   2.3370317340541509        2.3370317340894653     
   16.782824567948829        16.782824571887303     
   1.7483076096619667        1.7483076097776182     
   3.3803878204105429        3.3803878212347129     
  0.56001844465814465       0.56001844482542251     
  0.69309586180588900       0.69309586203860285     
  0.13317977798469346       0.13317977802031764     
   7.7529239397916963E-002   7.7529239417350404E-002
   2.3769560985877232        2.3769560985277072     
   67.524323045539958        67.524323046838447     
   2.3370317340541509        2.3370317340580398     
   16.782824567948829        16.782824568660747     
   1.7483076096619667        1.7483076096767325     
   3.3803878204105429        3.3803878205702986     
  0.56001844465814465       0.56001844468977546     
  0.69309586180588900       0.69309586186729211     
  0.13317977798469346       0.13317977799719263     
   7.7529239397916963E-002   7.7529239405259631E-002
   2.3769560985877232        2.3769560985822165     
   67.524323045539958        67.524323045787426     
   2.3370317340541509        2.3370317340545812     
   16.782824567948829        16.782824568031184     
   1.7483076096619667        1.7483076096636483     
   3.3803878204105429        3.3803878204277802     
  0.56001844465814465       0.56001844466102058     
  0.69309586180588900       0.69309586181527150     
  0.13317977798469346       0.13317977798684830     
   7.7529239397916963E-002   7.7529239399334399E-002
   2.3769560985877232        2.3769560985875566     
   67.524323045539958        67.524323045595551     
   2.3370317340541509        2.3370317340542588     
   16.782824567948829        16.782824567959249     
   1.7483076096619667        1.7483076096621690     
   3.3803878204105429        3.3803878204123303     
  0.56001844465814465       0.56001844465838568     
  0.69309586180588900       0.69309586180725791     
  0.13317977798469346       0.13317977798487834     
   7.7529239397916963E-002   7.7529239398132554E-002
   2.3769560985877232        2.3769560985877272     
   67.524323045539958        67.524323045547519     
   2.3370317340541509        2.3370317340541598     
   16.782824567948829        16.782824567950293     
   1.7483076096619667        1.7483076096619770     
   3.3803878204105429        3.3803878204108044     
  0.56001844465814465       0.56001844465815420     
  0.69309586180588900       0.69309586180608596     
  0.13317977798469346       0.13317977798469971     
   7.7529239397916963E-002   7.7529239397950714E-002
   2.3769560985877232        2.3769560985877232     
   67.524323045539958        67.524323045540797     
   2.3370317340541509        2.3370317340541509     
   16.782824567948829        16.782824567948996     
   1.7483076096619667        1.7483076096619670     
   3.3803878204105429        3.3803878204105735     
  0.56001844465814465       0.56001844465814477     
  0.69309586180588900       0.69309586180591087     
  0.13317977798469346       0.13317977798469355     
   7.7529239397916963E-002   7.7529239397920752E-002
   2.3769560985877232        2.3769560985877232     
   67.524323045539958        67.524323045540044     
   2.3370317340541509        2.3370317340541509     
   16.782824567948829        16.782824567948847     
   1.7483076096619667        1.7483076096619667     
   3.3803878204105429        3.3803878204105460     
  0.56001844465814465       0.56001844465814465     
  0.69309586180588900       0.69309586180589122     
  0.13317977798469346       0.13317977798469346     
   7.7529239397916963E-002   7.7529239397917352E-002
   2.3769560985877232        2.3769560985877232     
   67.524323045539958        67.524323045539973     
   2.3370317340541509        2.3370317340541509     
   16.782824567948829        16.782824567948829     
   1.7483076096619667        1.7483076096619667     
   3.3803878204105429        3.3803878204105433     
  0.56001844465814465       0.56001844465814465     
  0.69309586180588900       0.69309586180588922     
  0.13317977798469346       0.13317977798469346     
   7.7529239397916963E-002   7.7529239397917005E-002
   2.3769560985877232        2.3769560985877232     
   67.524323045539958        67.524323045539958     
   2.3370317340541509        2.3370317340541509     
   16.782824567948829        16.782824567948829     
   1.7483076096619667        1.7483076096619667     
   3.3803878204105429        3.3803878204105429     
  0.56001844465814465       0.56001844465814465     
  0.69309586180588900       0.69309586180588900     
  0.13317977798469346       0.13317977798469346     
   7.7529239397916963E-002   7.7529239397916963E-002
   2.3769560985877232        2.3769560985877232     
   67.524323045539958        67.524323045539958     
   2.3370317340541509        2.3370317340541509     
   16.782824567948829        16.782824567948829     
   1.7483076096619667        1.7483076096619667     
   3.3803878204105429        3.3803878204105429     
  0.56001844465814465       0.56001844465814465     
  0.69309586180588900       0.69309586180588900     
  0.13317977798469346       0.13317977798469346     
   7.7529239397916963E-002   7.7529239397916963E-002
   2.3769560985877232        2.3769560985877232     
   67.524323045539958        67.524323045539958     
   2.3370317340541509        2.3370317340541509     
   16.782824567948829        16.782824567948829     
   1.7483076096619667        1.7483076096619667     
   3.3803878204105429        3.3803878204105429     
  0.56001844465814465       0.56001844465814465     
  0.69309586180588900       0.69309586180588900     
  0.13317977798469346       0.13317977798469346     
   7.7529239397916963E-002   7.7529239397916963E-002
   2.3769560985877232        2.3769560985877232     
   67.524323045539958        67.524323045539958     
   2.3370317340541509        2.3370317340541509     
   16.782824567948829        16.782824567948829     
   1.7483076096619667        1.7483076096619667     
   3.3803878204105429        3.3803878204105429     
  0.56001844465814465       0.56001844465814465     
  0.69309586180588900       0.69309586180588900     
  0.13317977798469346       0.13317977798469346     
   7.7529239397916963E-002   7.7529239397916963E-002
   2.3769560985877232        2.3769560985877232     
   67.524323045539958        67.524323045539958     
   2.3370317340541509        2.3370317340541509     
   16.782824567948829        16.782824567948829     
   1.7483076096619667        1.7483076096619667     
   3.3803878204105429        3.3803878204105429     
  0.56001844465814465       0.56001844465814465     
  0.69309586180588900       0.69309586180588900     
  0.13317977798469346       0.13317977798469346     
   7.7529239397916963E-002   7.7529239397916963E-002
   2.3769560985877232        2.3769560985877232     
   67.524323045539958        67.524323045539958     
   2.3370317340541509        2.3370317340541509     
   16.782824567948829        16.782824567948829     
   1.7483076096619667        1.7483076096619667     
   3.3803878204105429        3.3803878204105429     
  0.56001844465814465       0.56001844465814465     
  0.69309586180588900       0.69309586180588900     
  0.13317977798469346       0.13317977798469346     
   7.7529239397916963E-002   7.7529239397916963E-002
   2.3769560985877232        2.3769560985877232     
   67.524323045539958        67.524323045539958     
   2.3370317340541509        2.3370317340541509     
   16.782824567948829        16.782824567948829     
   1.7483076096619667        1.7483076096619667     
   3.3803878204105429        3.3803878204105429     
  0.56001844465814465       0.56001844465814465     
  0.69309586180588900       0.69309586180588900     
  0.13317977798469346       0.13317977798469346     
   7.7529239397916963E-002   7.7529239397916963E-002
   2.3769560985877232        2.3769560985877232     
   67.524323045539958        67.524323045539958     
   2.3370317340541509        2.3370317340541509     
   16.782824567948829        16.782824567948829     
   1.7483076096619667        1.7483076096619667     
   3.3803878204105429        3.3803878204105429     
  0.56001844465814465       0.56001844465814465     
  0.69309586180588900       0.69309586180588900     
  0.13317977798469346       0.13317977798469346     
   7.7529239397916963E-002   7.7529239397916963E-002
   2.3769560985877232        2.3769560985877232     
   67.524323045539958        67.524323045539958     
   2.3370317340541509        2.3370317340541509     
   16.782824567948829        16.782824567948829     
   1.7483076096619667        1.7483076096619667     
   3.3803878204105429        3.3803878204105429     
  0.56001844465814465       0.56001844465814465     
  0.69309586180588900       0.69309586180588900     
  0.13317977798469346       0.13317977798469346     
   7.7529239397916963E-002   7.7529239397916963E-002
   2.3769560985877232        2.3769560985877232     
   67.524323045539958        67.524323045539958     
   2.3370317340541509        2.3370317340541509     
   16.782824567948829        16.782824567948829     
   1.7483076096619667        1.7483076096619667     
   3.3803878204105429        3.3803878204105429     
  0.56001844465814465       0.56001844465814465     
  0.69309586180588900       0.69309586180588900     
  0.13317977798469346       0.13317977798469346     
   7.7529239397916963E-002   7.7529239397916963E-002
   2.3769560985877232        2.3769560985877232     
   67.524323045539958        67.524323045539958     
   2.3370317340541509        2.3370317340541509     
   16.782824567948829        16.782824567948829     
   1.7483076096619667        1.7483076096619667     
   3.3803878204105429        3.3803878204105429     
  0.56001844465814465       0.56001844465814465     
  0.69309586180588900       0.69309586180588900     
  0.13317977798469346       0.13317977798469346     
   7.7529239397916963E-002   7.7529239397916963E-002
   2.3769560985877232        2.3769560985877232     
   67.524323045539958        67.524323045539958     
   2.3370317340541509        2.3370317340541509     
   16.782824567948829        16.782824567948829     
   1.7483076096619667        1.7483076096619667     
   3.3803878204105429        3.3803878204105429     
  0.56001844465814465       0.56001844465814465     
  0.69309586180588900       0.69309586180588900     
  0.13317977798469346       0.13317977798469346     
   7.7529239397916963E-002   7.7529239397916963E-002
   2.3769560985877232        2.3769560985877232     
   67.524323045539958        67.524323045539958     
   2.3370317340541509        2.3370317340541509     
   16.782824567948829        16.782824567948829     
   1.7483076096619667        1.7483076096619667     
   3.3803878204105429        3.3803878204105429     
  0.56001844465814465       0.56001844465814465     
  0.69309586180588900       0.69309586180588900     
  0.13317977798469346       0.13317977798469346     
   7.7529239397916963E-002   7.7529239397916963E-002
   2.3769560985877232        2.3769560985877232     
   67.524323045539958        67.524323045539958     
   2.3370317340541509        2.3370317340541509     
   16.782824567948829        16.782824567948829     
   1.7483076096619667        1.7483076096619667     
   3.3803878204105429        3.3803878204105429     
  0.56001844465814465       0.56001844465814465     
  0.69309586180588900       0.69309586180588900     
  0.13317977798469346       0.13317977798469346     
   7.7529239397916963E-002   7.7529239397916963E-002
   2.3769560985877232        2.3769560985877232     
   67.524323045539958        67.524323045539958     
   2.3370317340541509        2.3370317340541509     
   16.782824567948829        16.782824567948829     
   1.7483076096619667        1.7483076096619667     
   3.3803878204105429        3.3803878204105429     
  0.56001844465814465       0.56001844465814465     
  0.69309586180588900       0.69309586180588900     
  0.13317977798469346       0.13317977798469346     
   7.7529239397916963E-002   7.7529239397916963E-002
   2.3769560985877232        2.3769560985877232     
   67.524323045539958        67.524323045539958     
   2.3370317340541509        2.3370317340541509     
   16.782824567948829        16.782824567948829     
   1.7483076096619667        1.7483076096619667     
   3.3803878204105429        3.3803878204105429     
  0.56001844465814465       0.56001844465814465     
  0.69309586180588900       0.69309586180588900     
  0.13317977798469346       0.13317977798469346     
   7.7529239397916963E-002   7.7529239397916963E-002
   2.3769560985877232        2.3769560985877232     
   67.524323045539958        67.524323045539958     
   2.3370317340541509        2.3370317340541509     
   16.782824567948829        16.782824567948829     
   1.7483076096619667        1.7483076096619667     
   3.3803878204105429        3.3803878204105429     
  0.56001844465814465       0.56001844465814465     
  0.69309586180588900       0.69309586180588900     
  0.13317977798469346       0.13317977798469346     
   7.7529239397916963E-002   7.7529239397916963E-002
   2.3769560985877232        2.3769560985877232     
   67.524323045539958        67.524323045539958     
   2.3370317340541509        2.3370317340541509     
   16.782824567948829        16.782824567948829     
   1.7483076096619667        1.7483076096619667     
   3.3803878204105429        3.3803878204105429     
  0.56001844465814465       0.56001844465814465     
  0.69309586180588900       0.69309586180588900     
  0.13317977798469346       0.13317977798469346     
   7.7529239397916963E-002   7.7529239397916963E-002
   2.3769560985877232        2.3769560985877232     
   67.524323045539958        67.524323045539958     
   2.3370317340541509        2.3370317340541509     
   16.782824567948829        16.782824567948829     
   1.7483076096619667        1.7483076096619667     
   3.3803878204105429        3.3803878204105429     
  0.56001844465814465       0.56001844465814465     
  0.69309586180588900       0.69309586180588900     
  0.13317977798469346       0.13317977798469346     
   7.7529239397916963E-002   7.7529239397916963E-002
   2.3769560985877232        2.3769560985877232     
   67.524323045539958        67.524323045539958     
   2.3370317340541509        2.3370317340541509     
   16.782824567948829        16.782824567948829     
   1.7483076096619667        1.7483076096619667     
   3.3803878204105429        3.3803878204105429     
  0.56001844465814465       0.56001844465814465     
  0.69309586180588900       0.69309586180588900     
  0.13317977798469346       0.13317977798469346     
   7.7529239397916963E-002   7.7529239397916963E-002
   2.3769560985877232        2.3769560985877232     
   67.524323045539958        67.524323045539958     
   2.3370317340541509        2.3370317340541509     
   16.782824567948829        16.782824567948829     
   1.7483076096619667        1.7483076096619667     
   3.3803878204105429        3.3803878204105429     
  0.56001844465814465       0.56001844465814465     
  0.69309586180588900       0.69309586180588900     
  0.13317977798469346       0.13317977798469346     
   7.7529239397916963E-002   7.7529239397916963E-002
   2.3769560985877232        2.3769560985877232     
   67.524323045539958        67.524323045539958     
   2.3370317340541509        2.3370317340541509     
   16.782824567948829        16.782824567948829     
   1.7483076096619667        1.7483076096619667     
   3.3803878204105429        3.3803878204105429     
  0.56001844465814465       0.56001844465814465     
  0.69309586180588900       0.69309586180588900     
  0.13317977798469346       0.13317977798469346     
   7.7529239397916963E-002   7.7529239397916963E-002
   2.3769560985877232        2.3769560985877232     
   67.524323045539958        67.524323045539958     
   2.3370317340541509        2.3370317340541509     
   16.782824567948829        16.782824567948829     
   1.7483076096619667        1.7483076096619667     
   3.3803878204105429        3.3803878204105429     
  0.56001844465814465       0.56001844465814465     
  0.69309586180588900       0.69309586180588900     
  0.13317977798469346       0.13317977798469346     
   7.7529239397916963E-002   7.7529239397916963E-002
   2.3769560985877232        2.3769560985877232     
   67.524323045539958        67.524323045539958     
   2.3370317340541509        2.3370317340541509     
   16.782824567948829        16.782824567948829     
   1.7483076096619667        1.7483076096619667     
   3.3803878204105429        3.3803878204105429     
  0.56001844465814465       0.56001844465814465     
  0.69309586180588900       0.69309586180588900     
  0.13317977798469346       0.13317977798469346     
   7.7529239397916963E-002   7.7529239397916963E-002
   2.3769560985877232        2.3769560985877232     
   67.524323045539958        67.524323045539958     
   2.3370317340541509        2.3370317340541509     
   16.782824567948829        16.782824567948829     
   1.7483076096619667        1.7483076096619667     
   3.3803878204105429        3.3803878204105429     
  0.56001844465814465       0.56001844465814465     
  0.69309586180588900       0.69309586180588900     
  0.13317977798469346       0.13317977798469346     
   7.7529239397916963E-002   7.7529239397916963E-002
   2.3769560985877232        2.3769560985877232     
   67.524323045539958        67.524323045539958     
   2.3370317340541509        2.3370317340541509     
   16.782824567948829        16.782824567948829     
   1.7483076096619667        1.7483076096619667     
   3.3803878204105429        3.3803878204105429     
  0.56001844465814465       0.56001844465814465     
  0.69309586180588900       0.69309586180588900     
  0.13317977798469346       0.13317977798469346     
   7.7529239397916963E-002   7.7529239397916963E-002
   2.3769560985877232        2.3769560985877232     
   67.524323045539958        67.524323045539958     
   2.3370317340541509        2.3370317340541509     
   16.782824567948829        16.782824567948829     
   1.7483076096619667        1.7483076096619667     
   3.3803878204105429        3.3803878204105429     
  0.56001844465814465       0.56001844465814465     
  0.69309586180588900       0.69309586180588900     
  0.13317977798469346       0.13317977798469346     
   7.7529239397916963E-002   7.7529239397916963E-002
   2.3769560985877232        2.3769560985877232     
   67.524323045539958        67.524323045539958     
   2.3370317340541509        2.3370317340541509     
   16.782824567948829        16.782824567948829     
   1.7483076096619667        1.7483076096619667     
   3.3803878204105429        3.3803878204105429     
  0.56001844465814465       0.56001844465814465     
  0.69309586180588900       0.69309586180588900     
  0.13317977798469346       0.13317977798469346     
   7.7529239397916963E-002   7.7529239397916963E-002
   2.3769560985877232        2.3769560985877232     
   67.524323045539958        67.524323045539958     
   2.3370317340541509        2.3370317340541509     
   16.782824567948829        16.782824567948829     
   1.7483076096619667        1.7483076096619667     
   3.3803878204105429        3.3803878204105429     
  0.56001844465814465       0.56001844465814465     
  0.69309586180588900       0.69309586180588900     
  0.13317977798469346       0.13317977798469346     
   7.7529239397916963E-002   7.7529239397916963E-002
   2.3769560985877232        2.3769560985877232     
   67.524323045539958        67.524323045539958     
   2.3370317340541509        2.3370317340541509     
   16.782824567948829        16.782824567948829     
   1.7483076096619667        1.7483076096619667     
   3.3803878204105429        3.3803878204105429     
  0.56001844465814465       0.56001844465814465     
  0.69309586180588900       0.69309586180588900     
  0.13317977798469346       0.13317977798469346     
   7.7529239397916963E-002   7.7529239397916963E-002
   2.3769560985877232        2.3769560985877232     
   67.524323045539958        67.524323045539958     
   2.3370317340541509        2.3370317340541509     
   16.782824567948829        16.782824567948829     
   1.7483076096619667        1.7483076096619667     
   3.3803878204105429        3.3803878204105429     
  0.56001844465814465       0.56001844465814465     
  0.69309586180588900       0.69309586180588900     
  0.13317977798469346       0.13317977798469346     
   7.7529239397916963E-002   7.7529239397916963E-002
   2.3769560985877232        2.3769560985877232     
   67.524323045539958        67.524323045539958     
   2.3370317340541509        2.3370317340541509     
   16.782824567948829        16.782824567948829     
   1.7483076096619667        1.7483076096619667     
   3.3803878204105429        3.3803878204105429     
  0.56001844465814465       0.56001844465814465     
  0.69309586180588900       0.69309586180588900     
  0.13317977798469346       0.13317977798469346     
   7.7529239397916963E-002   7.7529239397916963E-002
   2.3769560985877232        2.3769560985877232     
   67.524323045539958        67.524323045539958     
   2.3370317340541509        2.3370317340541509     
   16.782824567948829        16.782824567948829     
   1.7483076096619667        1.7483076096619667     
   3.3803878204105429        3.3803878204105429     
  0.56001844465814465       0.56001844465814465     
  0.69309586180588900       0.69309586180588900     
  0.13317977798469346       0.13317977798469346     
   7.7529239397916963E-002   7.7529239397916963E-002
   2.3769560985877232        2.3769560985877232     
   67.524323045539958        67.524323045539958     
   2.3370317340541509        2.3370317340541509     
   16.782824567948829        16.782824567948829     
   1.7483076096619667        1.7483076096619667     
   3.3803878204105429        3.3803878204105429     
  0.56001844465814465       0.56001844465814465     
  0.69309586180588900       0.69309586180588900     
  0.13317977798469346       0.13317977798469346     
   7.7529239397916963E-002   7.7529239397916963E-002
   2.3769560985877232        2.3769560985877232     
   67.524323045539958        67.524323045539958     
   2.3370317340541509        2.3370317340541509     
   16.782824567948829        16.782824567948829     
   1.7483076096619667        1.7483076096619667     
   3.3803878204105429        3.3803878204105429     
  0.56001844465814465       0.56001844465814465     
  0.69309586180588900       0.69309586180588900     
  0.13317977798469346       0.13317977798469346     
   7.7529239397916963E-002   7.7529239397916963E-002
   2.3769560985877232        2.3769560985877232     
   67.524323045539958        67.524323045539958     
   2.3370317340541509        2.3370317340541509     
   16.782824567948829        16.782824567948829     
   1.7483076096619667        1.7483076096619667     
   3.3803878204105429        3.3803878204105429     
  0.56001844465814465       0.56001844465814465     
  0.69309586180588900       0.69309586180588900     
  0.13317977798469346       0.13317977798469346     
   7.7529239397916963E-002   7.7529239397916963E-002
   2.3769560985877232        2.3769560985877232     
   67.524323045539958        67.524323045539958     
   2.3370317340541509        2.3370317340541509     
   16.782824567948829        16.782824567948829     
   1.7483076096619667        1.7483076096619667     
   3.3803878204105429        3.3803878204105429     
  0.56001844465814465       0.56001844465814465     
  0.69309586180588900       0.69309586180588900     
  0.13317977798469346       0.13317977798469346     
   7.7529239397916963E-002   7.7529239397916963E-002
   2.3769560985877232        2.3769560985877232     
   67.524323045539958        67.524323045539958     
   2.3370317340541509        2.3370317340541509     
   16.782824567948829        16.782824567948829     
   1.7483076096619667        1.7483076096619667     
   3.3803878204105429        3.3803878204105429     
  0.56001844465814465       0.56001844465814465     
  0.69309586180588900       0.69309586180588900     
  0.13317977798469346       0.13317977798469346     
   7.7529239397916963E-002   7.7529239397916963E-002
   2.3769560985877232        2.3769560985877232     
   67.524323045539958        67.524323045539958     
   2.3370317340541509        2.3370317340541509     
   16.782824567948829        16.782824567948829     
   1.7483076096619667        1.7483076096619667     
   3.3803878204105429        3.3803878204105429     
  0.56001844465814465       0.56001844465814465     
  0.69309586180588900       0.69309586180588900     
  0.13317977798469346       0.13317977798469346     
   7.7529239397916963E-002   7.7529239397916963E-002
   2.3769560985877232        2.3769560985877232     
   67.524323045539958        67.524323045539958     
   2.3370317340541509        2.3370317340541509     
   16.782824567948829        16.782824567948829     
   1.7483076096619667        1.7483076096619667     
   3.3803878204105429        3.3803878204105429     
  0.56001844465814465       0.56001844465814465     
  0.69309586180588900       0.69309586180588900     
  0.13317977798469346       0.13317977798469346     
   7.7529239397916963E-002   7.7529239397916963E-002
   2.3769560985877232        2.3769560985877232     
   67.524323045539958        67.524323045539958     
   2.3370317340541509        2.3370317340541509     
   16.782824567948829        16.782824567948829     
   1.7483076096619667        1.7483076096619667     
   3.3803878204105429        3.3803878204105429     
  0.56001844465814465       0.56001844465814465     
  0.69309586180588900       0.69309586180588900     
  0.13317977798469346       0.13317977798469346     
   7.7529239397916963E-002   7.7529239397916963E-002
   2.3769560985877232        2.3769560985877232     
   67.524323045539958        67.524323045539958     
   2.3370317340541509        2.3370317340541509     
   16.782824567948829        16.782824567948829     
   1.7483076096619667        1.7483076096619667     
   3.3803878204105429        3.3803878204105429     
  0.56001844465814465       0.56001844465814465     
  0.69309586180588900       0.69309586180588900     
  0.13317977798469346       0.13317977798469346     
   7.7529239397916963E-002   7.7529239397916963E-002
   2.3769560985877232        2.3769560985877232     
   67.524323045539958        67.524323045539958     
   2.3370317340541509        2.3370317340541509     
   16.782824567948829        16.782824567948829     
   1.7483076096619667        1.7483076096619667     
   3.3803878204105429        3.3803878204105429     
  0.56001844465814465       0.56001844465814465     
  0.69309586180588900       0.69309586180588900     
  0.13317977798469346       0.13317977798469346     
   7.7529239397916963E-002   7.7529239397916963E-002
   2.3769560985877232        2.3769560985877232     
   67.524323045539958        67.524323045539958     
   2.3370317340541509        2.3370317340541509     
   16.782824567948829        16.782824567948829     
   1.7483076096619667        1.7483076096619667     
   3.3803878204105429        3.3803878204105429     
  0.56001844465814465       0.56001844465814465     
  0.69309586180588900       0.69309586180588900     
  0.13317977798469346       0.13317977798469346     
   7.7529239397916963E-002   7.7529239397916963E-002
   2.3769560985877232        2.3769560985877232     
   67.524323045539958        67.524323045539958     
   2.3370317340541509        2.3370317340541509     
   16.782824567948829        16.782824567948829     
   1.7483076096619667        1.7483076096619667     
   3.3803878204105429        3.3803878204105429     
  0.56001844465814465       0.56001844465814465     
  0.69309586180588900       0.69309586180588900     
  0.13317977798469346       0.13317977798469346     
   7.7529239397916963E-002   7.7529239397916963E-002
   2.3769560985877232        2.3769560985877232     
   67.524323045539958        67.524323045539958     
   2.3370317340541509        2.3370317340541509     
   16.782824567948829        16.782824567948829     
   1.7483076096619667        1.7483076096619667     
   3.3803878204105429        3.3803878204105429     
  0.56001844465814465       0.56001844465814465     
  0.69309586180588900       0.69309586180588900     
  0.13317977798469346       0.13317977798469346     
   7.7529239397916963E-002   7.7529239397916963E-002
   2.3769560985877232        2.3769560985877232     
   67.524323045539958        67.524323045539958     
   2.3370317340541509        2.3370317340541509     
   16.782824567948829        16.782824567948829     
   1.7483076096619667        1.7483076096619667     
   3.3803878204105429        3.3803878204105429     
  0.56001844465814465       0.56001844465814465     
  0.69309586180588900       0.69309586180588900     
  0.13317977798469346       0.13317977798469346     
   7.7529239397916963E-002   7.7529239397916963E-002
   2.3769560985877232        2.3769560985877232     
   67.524323045539958        67.524323045539958     
   2.3370317340541509        2.3370317340541509     
   16.782824567948829        16.782824567948829     
   1.7483076096619667        1.7483076096619667     
   3.3803878204105429        3.3803878204105429     
  0.56001844465814465       0.56001844465814465     
  0.69309586180588900       0.69309586180588900     
  0.13317977798469346       0.13317977798469346     
   7.7529239397916963E-002   7.7529239397916963E-002
 chi^2=   1.4379008837279944E-003   alamda=   1.0000000000000017E+053
 writing to the file Fit/FE.fit.dat                                              
Infile/inputTDS.tmp
 inputTDS.f
 ^^^^^^^^^^
 
 element name, upper case, 2 characters, left justified =
 output filename (no more than 60 characters) =
 kinetic energy (eV), E=
 mean square thermal displacement (A^2), U2=
 inputTDS.f info - element "FE" KE    200000.00000000000       U2    1.1217700000000001E-002
 
 done
 
 TDSfit.f
 ^^^^^^^^
 
 INPUT filename (=the output filename for inputTDS.exe)=
 OUTPUT filename (not more than 60 characters)=
 input the initial 5 values of a(i)=
 input the initial 5 values of b(i)=
 TDSfit.f info - a    2.3769999999999998        2.3370000000000002        1.7480000000000000       0.56000000000000005       0.13320000000000001     
 TDSfit.f info - b    67.519999999999996        16.780000000000001        3.3799999999999999       0.69299999999999995        7.7520000000000006E-002
   2.3769999999999998      -0.34339913926843924     
   67.519999999999996        74.084806884232663     
   2.3370000000000002       0.16723586548410152     
   16.780000000000001        20.033146731436783     
   1.7480000000000000       0.24180725515744039     
   3.3799999999999999        3.6029291851028593     
  0.56000000000000005       0.11766297340025850     
  0.69299999999999995       0.70313905479409866     
  0.13320000000000001       -1.7976666317056911E-002
   7.7520000000000006E-002   7.3441779379574412E-002
 chi^2=   7.6232737764680536E-002   alamda=   1.0000000000000000E-004
 -0.34339913926843924       -3.0208646773869030E-002
   74.084806884232663        70.058598606968516     
  0.16723586548410152        2.3416187421253565E-002
   20.033146731436783        23.902193305109932     
  0.24180725515744039        6.0222332228964282E-002
   3.6029291851028593        3.6104297248004902     
  0.11766297340025850       0.11917759542514361     
  0.70313905479409866       0.87496483128498448     
  -1.7976666317056911E-002  -1.2564325429800849E-002
   7.3441779379574412E-002   8.7070939779531981E-002
 chi^2=   2.6201685778153613E-004   alamda=   1.0000000000000001E-005
  -3.0208646773869030E-002   6.1564975786164086E-004
   70.058598606968516        70.248752008904873     
   2.3416187421253565E-002   3.2173216403678130E-003
   23.902193305109932        21.885331311721444     
   6.0222332228964282E-002   4.7167079724549157E-002
   3.6104297248004902        3.2102898617261317     
  0.11917759542514361       0.12367714023240407     
  0.87496483128498448       0.89607456027808507     
  -1.2564325429800849E-002  -1.4705384940887299E-002
   8.7070939779531981E-002  0.10802019566182751     
 chi^2=   3.6830725129928587E-006   alamda=   1.0000000000000002E-006
   6.1564975786164086E-004   1.9337636987947333E-003
   70.248752008904873       -20.934288072275706     
   3.2173216403678130E-003   2.7394240133540122E-003
   21.885331311721444       -1.1759709933306688     
   4.7167079724549157E-002   5.1403372975919376E-002
   3.2102898617261317        2.8537115393035020     
  0.12367714023240407       0.11982382748367634     
  0.89607456027808507       0.86249575238759180     
  -1.4705384940887299E-002  -1.5930996542901348E-002
  0.10802019566182751       0.11566401383032268     
 chi^2=   3.6830725129928587E-006   alamda=   1.0000000000000003E-005
   6.1564975786164086E-004   1.8657250991902577E-003
   70.248752008904873       -17.142472993683540     
   3.2173216403678130E-003   2.7712962818495519E-003
   21.885331311721444      -0.62742556262520921     
   4.7167079724549157E-002   5.1354092464943074E-002
   3.2102898617261317        2.8602645177424826     
  0.12367714023240407       0.11990239731841863     
  0.89607456027808507       0.86292286532150220     
  -1.4705384940887299E-002  -1.5924037405258329E-002
  0.10802019566182751       0.11562791262819941     
 chi^2=   3.6830725129928587E-006   alamda=   1.0000000000000002E-004
   6.1564975786164086E-004   1.3558204879525399E-003
   70.248752008904873        10.858242116520785     
   3.2173216403678130E-003   2.9915216040377556E-003
   21.885331311721444        3.6016214148934296     
   4.7167079724549157E-002   5.0933651867874609E-002
   3.2102898617261317        2.9140607767929714     
  0.12367714023240407       0.12055411145024068     
  0.89607456027808507       0.86649350758769106     
  -1.4705384940887299E-002  -1.5865084608728347E-002
  0.10802019566182751       0.11532091847370951     
 chi^2=   3.6830725129928587E-006   alamda=   1.0000000000000002E-003
   6.1564975786164086E-004   3.7964695216203322E-004
   70.248752008904873        59.694557649583395     
   3.2173216403678130E-003   3.1634620389859505E-003
   21.885331311721444        13.196811945439547     
   4.7167079724549157E-002   4.9295669422501687E-002
   3.2102898617261317        3.0863876435175746     
  0.12367714023240407       0.12276169969816697     
  0.89607456027808507       0.87931953838154919     
  -1.4705384940887299E-002  -1.5629929765530431E-002
  0.10802019566182751       0.11405639700206877     
 chi^2=   1.9659526117921728E-006   alamda=   1.0000000000000003E-004
   3.7964695216203322E-004  -5.9595315666234323E-005
   59.694557649583395        83.679609027035980     
   3.1634620389859505E-003   4.5551990585810682E-003
   13.196811945439547        14.813188626610005     
   4.9295669422501687E-002   5.1544855218802872E-002
   3.0863876435175746        2.9012717224267712     
  0.12276169969816697       0.12001198908181079     
  0.87931953838154919       0.86163569577619070     
  -1.5629929765530431E-002  -1.6080459991548654E-002
  0.11405639700206877       0.11646337674410671     
 chi^2=   1.8642947855705329E-006   alamda=   1.0000000000000004E-005
  -5.9595315666234323E-005   1.3411638885390257E-004
   83.679609027035980        105.44342730742044     
   4.5551990585810682E-003   4.6192791424055522E-003
   14.813188626610005        13.150760600847587     
   5.1544855218802872E-002   5.2148982134849073E-002
   2.9012717224267712        2.8687011514124290     
  0.12001198908181079       0.11926042709851614     
  0.86163569577619070       0.85719620891666837     
  -1.6080459991548654E-002  -1.6192321242384622E-002
  0.11646337674410671       0.11705440642141375     
 chi^2=   1.8411035126986329E-006   alamda=   1.0000000000000004E-006
   1.3411638885390257E-004   6.9015248713975931E-005
   105.44342730742044        112.66495552215343     
   4.6192791424055522E-003   4.5907715763401800E-003
   13.150760600847587        13.671626598468844     
   5.2148982134849073E-002   5.2155843199139282E-002
   2.8687011514124290        2.8771350956611150     
  0.11926042709851614       0.11935101318877157     
  0.85719620891666837       0.85744358520856812     
  -1.6192321242384622E-002  -1.6196354092377227E-002
  0.11705440642141375       0.11709397629505142     
 chi^2=   1.8401762166979046E-006   alamda=   1.0000000000000005E-007
   6.9015248713975931E-005   8.8850625548600785E-005
   112.66495552215343        86.074734504867990     
   4.5907715763401800E-003   4.6314451744060127E-003
   13.671626598468844        13.472457001623487     
   5.2155843199139282E-002   5.2157548669587328E-002
   2.8771350956611150        2.8721354747529553     
  0.11935101318877157       0.11929284448623875     
  0.85744358520856812       0.85718214772638546     
  -1.6196354092377227E-002  -1.6200513749799379E-002
  0.11709397629505142       0.11711474342960335     
 chi^2=   1.8401694939586803E-006   alamda=   1.0000000000000005E-008
   8.8850625548600785E-005   6.1534232485444955E-005
   86.074734504867990        119.87994110090850     
   4.6314451744060127E-003   4.6164798874785869E-003
   13.472457001623487        13.657392692373980     
   5.2157548669587328E-002   5.2162404818249491E-002
   2.8721354747529553        2.8754280408604451     
  0.11929284448623875       0.11932899312837789     
  0.85718214772638546       0.85733060636888991     
  -1.6200513749799379E-002  -1.6198737703656613E-002
  0.11711474342960335       0.11710738479905637     
 chi^2=   1.8401694939586803E-006   alamda=   1.0000000000000005E-007
   8.8850625548600785E-005   6.1536495008041069E-005
   86.074734504867990        119.87827495471143     
   4.6314451744060127E-003   4.6164852197296451E-003
   13.472457001623487        13.657369485320153     
   5.2157548669587328E-002   5.2162408664307949E-002
   2.8721354747529553        2.8754272555669718     
  0.11929284448623875       0.11932898245355947     
  0.85718214772638546       0.85733055621176835     
  -1.6200513749799379E-002  -1.6198738474350247E-002
  0.11711474342960335       0.11710738835035883     
 chi^2=   1.8401694939586803E-006   alamda=   1.0000000000000006E-006
   8.8850625548600785E-005   6.1559061985169667E-005
   86.074734504867990        119.86165489802153     
   4.6314451744060127E-003   4.6165383710429020E-003
   13.472457001623487        13.657138072273563     
   5.2157548669587328E-002   5.2162446963427020E-002
   2.8721354747529553        2.8754194281557819     
  0.11929284448623875       0.11932887606823182     
  0.85718214772638546       0.85733005639580340     
  -1.6200513749799379E-002  -1.6198746153116696E-002
  0.11711474342960335       0.11710742373242335     
 chi^2=   1.8401694939586803E-006   alamda=   1.0000000000000006E-005
   8.8850625548600785E-005   6.1779093497626490E-005
   86.074734504867990        119.69946270904978     
   4.6314451744060127E-003   4.6170533303229247E-003
   13.472457001623487        13.654887555945143     
   5.2157548669587328E-002   5.2162814365070129E-002
   2.8721354747529553        2.8753436216171249     
  0.11929284448623875       0.11932784728616262     
  0.85718214772638546       0.85732522785742726     
  -1.6200513749799379E-002  -1.6198820219226834E-002
  0.11711474342960335       0.11710776490138795     
 chi^2=   1.8401694939586803E-006   alamda=   1.0000000000000006E-004
   8.8850625548600785E-005   6.3554463200286620E-005
   86.074734504867990        118.38001898437835     
   4.6314451744060127E-003   4.6209679686735989E-003
   13.472457001623487        13.637156068968791     
   5.2157548669587328E-002   5.2165342291521331E-002
   2.8721354747529553        2.8747693429073271     
  0.11929284448623875       0.11932016494169538     
  0.85718214772638546       0.85728952263434588     
  -1.6200513749799379E-002  -1.6199359531728578E-002
  0.11711474342960335       0.11711024105402396     
 chi^2=   1.8401694939586803E-006   alamda=   1.0000000000000007E-003
   8.8850625548600785E-005   7.0537651698483338E-005
   86.074734504867990        112.93110990758206     
   4.6314451744060127E-003   4.6313313085219769E-003
   13.472457001623487        13.576655334705441     
   5.2157548669587328E-002   5.2167147543333563E-002
   2.8721354747529553        2.8732557847424323     
  0.11929284448623875       0.11930201625148329     
  0.85718214772638546       0.85721170840379990     
  -1.6200513749799379E-002  -1.6200378995225067E-002
  0.11711474342960335       0.11711477120589751     
 chi^2=   1.8401661507106971E-006   alamda=   1.0000000000000007E-004
   7.0537651698483338E-005   8.4742081357860725E-005
   112.93110990758206        92.867100384053217     
   4.6313313085219769E-003   4.6245364484820252E-003
   13.576655334705441        13.514309741851941     
   5.2167147543333563E-002   5.2156933339165934E-002
   2.8732557847424323        2.8730929079371359     
  0.11930201625148329       0.11930406875166615     
  0.85721170840379990       0.85722700048556977     
  -1.6200378995225067E-002  -1.6200102096784394E-002
  0.11711477120589751       0.11711361682974497     
 chi^2=   1.8401608029470742E-006   alamda=   1.0000000000000008E-005
   8.4742081357860725E-005   7.2462511988278432E-005
   92.867100384053217        112.53384525808622     
   4.6245364484820252E-003   4.6194014365313601E-003
   13.514309741851941        13.594268784898572     
   5.2156933339165934E-002   5.2160140561904801E-002
   2.8730929079371359        2.8743895958781112     
  0.11930406875166615       0.11931781428177304     
  0.85722700048556977       0.85728409761266688     
  -1.6200102096784394E-002  -1.6199344602492595E-002
  0.11711361682974497       0.11711011933641402     
 chi^2=   1.8401604166492804E-006   alamda=   1.0000000000000008E-006
   7.2462511988278432E-005   8.5642970245344304E-005
   112.53384525808622        92.228754485990777     
   4.6194014365313601E-003   4.6260344311437320E-003
   13.594268784898572        13.505364625658695     
   5.2160140561904801E-002   5.2156631631330608E-002
   2.8743895958781112        2.8729027503736946     
  0.11931781428177304       0.11930201818908816     
  0.85728409761266688       0.85721956644597197     
  -1.6199344602492595E-002  -1.6200145851243280E-002
  0.11711011933641402       0.11711364066254844     
 chi^2=   1.8401604166492804E-006   alamda=   1.0000000000000008E-005
 chi^2=   1.8401604166492804E-006   alamda=   1.0000000000000008E-005
 writing to the file Fit/FE.V0.200E+06.T800..tds.fit.dat                         
 
 done
 
