# crystalStructureFactors.exe v.1.0
 element          g        T (K)      V (V)         Re(U_g)         Im(U_g)            xi_g
      W    0   0   0     300.000  150000.000     37.83095547      1.21911281    103.88956458                                                        
      W    1   1   0     300.000  150000.000     18.91115463      1.17662333    207.53320327                                      
      W    2   0   0     300.000  150000.000     13.94499223      1.13903294    281.04923970
      W    4   0   0     300.000  150000.000      6.22102363      0.95960106    624.70731555
      W    6   0   0     300.000  150000.000      3.25382903      0.75632219   1177.12797173
      W    8   0   0     300.000  150000.000      1.88349556      0.56962951   1998.36620846
      W   10   0   0     300.000  150000.000      1.11707728      0.40688158   3307.57638880
      W    3   1   0     300.000  150000.000      8.40909991      1.04171908    464.07483964
      W    5   1   0     300.000  150000.000      4.30141045      0.84710836    896.95579794
      W    7   1   0     300.000  150000.000      2.40725929      0.65347615   1576.45695614
      W    9   1   0     300.000  150000.000      1.43100871      0.48063332   2604.90599179
      W    2   2   0     300.000  150000.000      9.59062217      1.07220653    407.47466342
      W    4   2   0     300.000  150000.000      5.29330665      0.91142985    732.10474023
      W    6   2   0     300.000  150000.000      2.96067453      0.72449622   1290.10585503
      W    8   2   0     300.000  150000.000      1.76653902      0.54826564   2125.94427348
      W    3   3   0     300.000  150000.000      5.72267052      0.93492837    678.15048027
      W    5   3   0     300.000  150000.000      3.42215851      0.77310609   1120.81947992
      W    7   3   0     300.000  150000.000      2.08270847      0.60369096   1813.41785735
      W    9   3   0     300.000  150000.000      1.27829390      0.44623061   2904.32211921
      W    4   4   0     300.000  150000.000      3.60801085      0.79052694   1064.62056457
      W    6   4   0     300.000  150000.000      2.31843874      0.64051047   1634.84837212
      W    8   4   0     300.000  150000.000      1.47309532      0.48968280   2533.11090115
      W    5   5   0     300.000  150000.000      2.40725929      0.65347615   1576.45695614
      W    7   5   0     300.000  150000.000      1.61028255      0.51800965   2324.66079358
      W    6   6   0     300.000  150000.000      1.66005527      0.52786940   2257.38734394
      W    8   6   0     300.000  150000.000      1.11707728      0.40688158   3307.57638880
      W    7   7   0     300.000  150000.000      1.14701000      0.41445037   3224.26388767
      W    2   1   1     300.000  150000.000     11.28190649      1.10452881    346.88913177
      W    4   1   1     300.000  150000.000      5.72267052      0.93492837    678.15048027
      W    6   1   1     300.000  150000.000      3.10066562      0.74013204   1233.54976782
      W    8   1   1     300.000  150000.000      1.82360493      0.55882132   2061.69417297
      W    3   2   1     300.000  150000.000      6.80862710      0.98554814    571.58693682
      W    5   2   1     300.000  150000.000      3.81417933      0.80863211   1008.54760016
      W    7   2   1     300.000  150000.000      2.23510114      0.62790365   1693.76303296
      W    9   2   1     300.000  150000.000      1.35169285      0.46308434   2752.12229467
      W    4   3   1     300.000  150000.000      4.30141045      0.84710836    896.95579794
      W    6   3   1     300.000  150000.000      2.60406693      0.68057025   1460.98310714
      W    8   3   1     300.000  150000.000      1.61028255      0.51800965   2324.66079358
      W    5   4   1     300.000  150000.000      2.83216561      0.70937875   1346.83133740
      W    7   4   1     300.000  150000.000      1.82360493      0.55882132   2061.69417297
      W    9   4   1     300.000  150000.000      1.14701000      0.41445037   3224.26388767
      W    6   5   1     300.000  150000.000      1.94645260      0.58070188   1935.91226356
      W    8   5   1     300.000  150000.000      1.27829390      0.44623061   2904.32211921
      W    7   6   1     300.000  150000.000      1.35169285      0.46308434   2752.12229467
      W    2   2   2     300.000  150000.000      7.51852022      1.01287997    518.33029293
      W    4   2   2     300.000  150000.000      4.59125338      0.86759906    841.57828101
      W    6   2   2     300.000  150000.000      2.71370347      0.69474677   1403.77233331
      W    8   2   2     300.000  150000.000      1.66005527      0.52786940   2257.38734394
      W    3   3   2     300.000  150000.000      4.91941109      0.88901439    786.59868975
      W    5   3   2     300.000  150000.000      3.10066562      0.74013204   1233.54976782
      W    7   3   2     300.000  150000.000      1.94645260      0.58070188   1935.91226356
      W    9   3   2     300.000  150000.000      1.21023184      0.43003132   3061.65936129
      W    4   4   2     300.000  150000.000      3.25382903      0.75632219   1177.12797173
      W    6   4   2     300.000  150000.000      2.15668558      0.61563639   1753.26531085
      W    8   4   2     300.000  150000.000      1.39057105      0.47176917   2677.90187980
      W    5   5   2     300.000  150000.000      2.23510114      0.62790365   1693.76303296
      W    7   5   2     300.000  150000.000      1.51692908      0.49892401   2462.49078889
      W    6   6   2     300.000  150000.000      1.56261822      0.50836383   2393.01758328
      W    4   3   3     300.000  150000.000      3.42215851      0.77310609   1120.81947992
      W    6   3   3     300.000  150000.000      2.23510114      0.62790365   1693.76303296
      W    8   3   3     300.000  150000.000      1.43100871      0.48063332   2604.90599179
      W    5   4   3     300.000  150000.000      2.40725929      0.65347615   1576.45695614
      W    7   4   3     300.000  150000.000      1.61028255      0.51800965   2324.66079358
      W    6   5   3     300.000  150000.000      1.71208514      0.53795165   2191.16141137
      W    8   5   3     300.000  150000.000      1.14701000      0.41445037   3224.26388767
      W    7   6   3     300.000  150000.000      1.21023184      0.43003132   3061.65936129
      W    4   4   4     300.000  150000.000      2.50221514      0.66682174   1518.52353680
      W    6   4   4     300.000  150000.000      1.76653902      0.54826564   2125.94427348
      W    8   4   4     300.000  150000.000      1.17804420      0.42216565   3142.29592321
      W    5   5   4     300.000  150000.000      1.82360493      0.55882132   2061.69417297
      W    7   5   4     300.000  150000.000      1.27829390      0.44623061   2904.32211921
      W    6   6   4     300.000  150000.000      1.31429221      0.45457324   2827.58903477
      W    6   5   5     300.000  150000.000      1.35169285      0.46308434   2752.12229467
      W    8   5   5     300.000  150000.000      0.93463845      0.35771266   3929.32128217
      W   10   5   5     300.000  150000.000      0.62091553      0.25681255   5852.22666101
      W   12   5   5     300.000  150000.000      0.40865396      0.17081428   8878.14336619
      W   14   5   5     300.000  150000.000      0.27059942      0.10510351  13545.84426900
      W   16   5   5     300.000  150000.000      0.17927013      0.05982141  20807.06841352
      W   18   5   5     300.000  150000.000      0.11688354      0.03151081  32483.01054953
      W    7   6   5     300.000  150000.000      0.98232918      0.37111169   3744.69986095
      W    9   6   5     300.000  150000.000      0.67609512      0.27647721   5383.43400001
      W   11   6   5     300.000  150000.000      0.45457774      0.19096931   7975.22657140
      W   13   6   5     300.000  150000.000      0.30499394      0.12208514  11969.64902234
      W   15   6   5     300.000  150000.000      0.20460262      0.07220460  18123.66643842
      W   17   6   5     300.000  150000.000      0.13554923      0.03951845  27850.51450774
      W    8   7   5     300.000  150000.000      0.70633029      0.28685630   5158.05442659
      W   10   7   5     300.000  150000.000      0.48947258      0.20568343   7406.37160950
      W   12   7   5     300.000  150000.000      0.33490650      0.13657313  10872.17773441
      W   14   7   5     300.000  150000.000      0.22816579      0.08391727  16175.00784782
      W   16   7   5     300.000  150000.000      0.15367792      0.04771857  24436.85729564
      W   18   7   5     300.000  150000.000      0.10098501      0.02512199  37787.54853446
      W    9   8   5     300.000  150000.000      0.50839428      0.21345154   7131.63389319
      W   11   8   5     300.000  150000.000      0.35720254      0.14716012  10178.59422880
      W   13   8   5     300.000  150000.000      0.24818327      0.09392068  14818.65704431
      W   15   8   5     300.000  150000.000      0.17021518      0.05548130  21964.49614608
      W   17   8   5     300.000  150000.000      0.11405637      0.03034329  33317.75583850
      W   10   9   5     300.000  150000.000      0.36915169      0.15275259   9842.82058732
      W   12   9   5     300.000  150000.000      0.26283566      0.10123678  13961.17164167
      W   14   9   5     300.000  150000.000      0.18401471      0.06211640  20246.94909087
      W   16   9   5     300.000  150000.000      0.12583464      0.03528896  30088.80317302
      W   11  10   5     300.000  150000.000      0.27059942      0.10510351  13545.84426900
      W   13  10   5     300.000  150000.000      0.19397169      0.06697209  19162.42913524
      W   15  10   5     300.000  150000.000      0.13554923      0.03951845  27850.51450774
      W   12  11   5     300.000  150000.000      0.19919891      0.06953949  18637.46427705
      W   14  11   5     300.000  150000.000      0.14249182      0.04261501  26439.45383260
      W   13  12   5     300.000  150000.000      0.14611361      0.04425274  25757.09352478
      W   15  12   5     300.000  150000.000      0.10346475      0.02608908  36852.48471798
      W   14  13   5     300.000  150000.000      0.10600963      0.02709331  35938.47399575
      W    6   6   6     300.000  150000.000      1.00742994      0.37800002   3654.50041286
      W    8   6   6     300.000  150000.000      0.72216965      0.29218850   5047.60000660
      W   10   6   6     300.000  150000.000      0.49880321      0.20953221   7268.20275173
      W   12   6   6     300.000  150000.000      0.34029076      0.13914733  10695.98735601
      W   14   6   6     300.000  150000.000      0.23135146      0.08550794  15942.90610059
      W   16   6   6     300.000  150000.000      0.15563892      0.04862644  24115.80430179
      W   18   6   6     300.000  150000.000      0.10221686      0.02560098  37317.35288146
      W    7   7   6     300.000  150000.000      0.73851522      0.29761820   4938.62884296
      W    9   7   6     300.000  150000.000      0.52839597      0.22150684   6863.26271859
      W   11   7   6     300.000  150000.000      0.36915169      0.15275259   9842.82058732
      W   13   7   6     300.000  150000.000      0.25536901      0.09751084  14385.37728042
      W   15   7   6     300.000  150000.000      0.17467239      0.05761073  21379.48338138
      W   17   7   6     300.000  150000.000      0.11688354      0.03151081  32483.01054953
      W    8   8   6     300.000  150000.000      0.53882668      0.22564540   6731.44440137
      W   10   8   6     300.000  150000.000      0.38817924      0.16153546   9352.59119852
      W   12   8   6     300.000  150000.000      0.27459810      0.10709130  13341.45067996
      W   14   8   6     300.000  150000.000      0.19142171      0.06572392  19429.18337346
      W   16   8   6     300.000  150000.000      0.13059142      0.03734409  28950.87840796
      W    9   9   6     300.000  150000.000      0.39483614      0.16457199   9192.70628611
      W   11   9   6     300.000  150000.000      0.28708918      0.11328035  12741.07652840
      W   13   9   6     300.000  150000.000      0.20460262      0.07220460  18123.66643842
      W   15   9   6     300.000  150000.000      0.14249182      0.04261501  26439.45383260
      W   10  10   6     300.000  150000.000      0.29142612      0.11542090  12545.14720328
      W   12  10   6     300.000  150000.000      0.21305833      0.07639349  17373.33550310
      W   14  10   6     300.000  150000.000      0.15174544      0.04682757  24761.46858203
      W   16  10   6     300.000  150000.000      0.10472892      0.02658647  36392.87964093
      W   11  11   6     300.000  150000.000      0.21597496      0.07784269  17128.52908617
      W   13  11   6     300.000  150000.000      0.15762902      0.04955150  23798.26629528
      W   15  11   6     300.000  150000.000      0.11130323      0.02921892  34171.59839107
      W   12  12   6     300.000  150000.000      0.15964882      0.05049407  23484.20051664
      W   14  12   6     300.000  150000.000      0.11546055      0.03092155  32898.02509569
      W   13  13   6     300.000  150000.000      0.11688354      0.03151081  32483.01054953
      W    8   7   7     300.000  150000.000      0.54955807      0.22985966   6601.19406145
      W   10   7   7     300.000  150000.000      0.39483614      0.16457199   9192.70628611
      W   12   7   7     300.000  150000.000      0.27867768      0.10911625  13139.20644228
      W   14   7   7     300.000  150000.000      0.19397169      0.06697209  19162.42913524
      W   16   7   7     300.000  150000.000      0.13222115      0.03805530  28579.98499167
      W    9   8   7     300.000  150000.000      0.40865396      0.17081428   8878.14336619
      W   11   8   7     300.000  150000.000      0.29585403      0.11760140  12351.27992831
      W   13   8   7     300.000  150000.000      0.21019154      0.07497107  17620.77301956
      W   15   8   7     300.000  150000.000      0.14611361      0.04425274  25757.09352478
      W   10   9   7     300.000  150000.000      0.30499394      0.12208514  11969.64902234
      W   12   9   7     300.000  150000.000      0.22196283      0.08082340  16646.68729905
      W   14   9   7     300.000  150000.000      0.15762902      0.04955150  23798.26629528
      W   16   9   7     300.000  150000.000      0.10862174      0.02813610  35045.01007696
      W   11  10   7     300.000  150000.000      0.22816579      0.08391727  16175.00784782
      W   13  10   7     300.000  150000.000      0.16589254      0.05343017  22562.41705269
      W   15  10   7     300.000  150000.000      0.11688354      0.03151081  32483.01054953
      W   12  11   7     300.000  150000.000      0.17021518      0.05548130  21964.49614608
      W   14  11   7     300.000  150000.000      0.12277000      0.03398190  30868.97904137
      W   13  12   7     300.000  150000.000      0.12583464      0.03528896  30088.80317302
      W    8   8   8     300.000  150000.000      0.41582645      0.17402206   8723.43989257
      W   10   8   8     300.000  150000.000      0.30971175      0.12438987  11781.84521788
      W   12   8   8     300.000  150000.000      0.22503673      0.08235593  16409.59197724
      W   14   8   8     300.000  150000.000      0.15964882      0.05049407  23484.20051664
      W   16   8   8     300.000  150000.000      0.10995367      0.02867241  34605.82816461
      W    9   9   8     300.000  150000.000      0.31453222      0.12673752  11596.02311286
      W   11   9   8     300.000  150000.000      0.23459523      0.08712850  15713.25838826
      W   13   9   8     300.000  150000.000      0.17021518      0.05548130  21964.49614608
      W   15   9   8     300.000  150000.000      0.11978721      0.03272311  31666.90165103
      W   10  10   8     300.000  150000.000      0.23789866      0.08877949  15486.03682465
      W   12  10   8     300.000  150000.000      0.17695331      0.05870573  21091.72024813
      W   14  10   8     300.000  150000.000      0.12739855      0.03596116  29705.23574241
      W   11  11   8     300.000  150000.000      0.17927013      0.05982141  20807.06841352
      W   13  11   8     300.000  150000.000      0.13222115      0.03805530  28579.98499167
      W   12  12   8     300.000  150000.000      0.13387361      0.03878000  28213.21376472
      W   10   9   9     300.000  150000.000      0.24126336      0.09046146  15261.21398292
      W   12   9   9     300.000  150000.000      0.17927013      0.05982141  20807.06841352
      W   14   9   9     300.000  150000.000      0.12898402      0.03664613  29325.94484310
      W   11  10   9     300.000  150000.000      0.18401471      0.06211640  20246.94909087
      W   13  10   9     300.000  150000.000      0.13554923      0.03951845  27850.51450774
      W   12  11   9     300.000  150000.000      0.13897160      0.04103765  27137.13404292
      W   14  11   9     300.000  150000.000      0.10098501      0.02512199  37787.54853446
      W   13  12   9     300.000  150000.000      0.10346475      0.02608908  36852.48471798
      W   10  10  10     300.000  150000.000      0.18644414      0.06329649  19971.40808925
      W   12  10  10     300.000  150000.000      0.14071925      0.04181892  26786.35539660
      W   14  10  10     300.000  150000.000      0.10221686      0.02560098  37317.35288146
      W   11  11  10     300.000  150000.000      0.14249182      0.04261501  26439.45383260
      W   13  11  10     300.000  150000.000      0.10600963      0.02709331  35938.47399575
      W   12  12  10     300.000  150000.000      0.10730715      0.02760980  35489.20486832
      W   12  11  11     300.000  150000.000      0.10862174      0.02813610  35045.01007696
      W   12   0   0     300.000  150000.000      0.66166371      0.27142684   5498.36977258
      W   14   0   0     300.000  150000.000      0.40165915      0.16766459   9034.56131616
      W   16   0   0     300.000  150000.000      0.25174200      0.09569909  14600.87037526
      W   18   0   0     300.000  150000.000      0.15964882      0.05049407  23484.20051664
      W   20   0   0     300.000  150000.000      0.09976894      0.02465194  38263.13683685
      W   11   1   0     300.000  150000.000      0.84839099      0.33235107   4315.65626393
      W   13   1   0     300.000  150000.000      0.50839428      0.21345154   7131.63389319
      W   15   1   0     300.000  150000.000      0.31453222      0.12673752  11596.02311286
      W   17   1   0     300.000  150000.000      0.19919891      0.06953949  18637.46427705
      W   19   1   0     300.000  150000.000      0.12583464      0.03528896  30088.80317302
      W   10   2   0     300.000  150000.000      1.06032448      0.39216885   3478.28248660
      W   12   2   0     300.000  150000.000      0.63408962      0.26159613   5732.76048876
      W   14   2   0     300.000  150000.000      0.38817924      0.16153546   9352.59119852
      W   16   2   0     300.000  150000.000      0.24469099      0.09217500  15038.76289388
      W   18   2   0     300.000  150000.000      0.15563892      0.04862644  24115.80430179
      W   11   3   0     300.000  150000.000      0.77280502      0.30877751   4725.11543696
      W   13   3   0     300.000  150000.000      0.47155659      0.19819255   7687.54459734
      W   15   3   0     300.000  150000.000      0.29585403      0.11760140  12351.27992831
      W   17   3   0     300.000  150000.000      0.18891284      0.06449886  19698.83135313
      W   19   3   0     300.000  150000.000      0.11978721      0.03272311  31666.90165103
      W   10   4   0     300.000  150000.000      0.91198113      0.35119652   4023.75830823
      W   12   4   0     300.000  150000.000      0.56060123      0.23415097   6472.50437956
      W   14   4   0     300.000  150000.000      0.35143469      0.14443996  10349.21189895
      W   16   4   0     300.000  150000.000      0.22503673      0.08235593  16409.59197724
      W   18   4   0     300.000  150000.000      0.14428977      0.04342618  26096.38209973
      W    9   5   0     300.000  150000.000      1.03341556      0.38501806   3565.69758826
      W   11   5   0     300.000  150000.000      0.64766722      0.26646703   5614.81008610
      W   13   5   0     300.000  150000.000      0.40865396      0.17081428   8878.14336619
      W   15   5   0     300.000  150000.000      0.26283566      0.10123678  13961.17164167
      W   17   5   0     300.000  150000.000      0.17021518      0.05548130  21964.49614608
      W   19   5   0     300.000  150000.000      0.10862174      0.02813610  35045.01007696
      W   10   6   0     300.000  150000.000      0.72216965      0.29218850   5047.60000660
      W   12   6   0     300.000  150000.000      0.46295410      0.19454806   7830.56715221
      W   14   6   0     300.000  150000.000      0.30037569      0.11982256  12159.45396870
      W   16   6   0     300.000  150000.000      0.19656376      0.06824380  18898.53411476
      W   18   6   0     300.000  150000.000      0.12739855      0.03596116  29705.23574241
      W    9   7   0     300.000  150000.000      0.77280502      0.30877751   4725.11543696
      W   11   7   0     300.000  150000.000      0.50839428      0.21345154   7131.63389319
      W   13   7   0     300.000  150000.000      0.33490650      0.13657313  10872.17773441
      W   15   7   0     300.000  150000.000      0.22196283      0.08082340  16646.68729905
      W   17   7   0     300.000  150000.000      0.14611361      0.04425274  25757.09352478
      W    8   8   0     300.000  150000.000      0.79079149      0.31451098   4620.56272270
      W   10   8   0     300.000  150000.000      0.53882668      0.22564540   6731.44440137
      W   12   8   0     300.000  150000.000      0.36310671      0.14993069  10009.80221772
      W   14   8   0     300.000  150000.000      0.24469099      0.09217500  15038.76289388
      W   16   8   0     300.000  150000.000      0.16377994      0.05243307  22866.31730895
      W   18   8   0     300.000  150000.000      0.10730715      0.02760980  35489.20486832
      W    9   9   0     300.000  150000.000      0.54955807      0.22985966   6601.19406145
      W   11   9   0     300.000  150000.000      0.38168300      0.15855403   9514.22935908
      W   13   9   0     300.000  150000.000      0.26283566      0.10123678  13961.17164167
      W   15   9   0     300.000  150000.000      0.17927013      0.05982141  20807.06841352
      W   17   9   0     300.000  150000.000      0.11978721      0.03272311  31666.90165103
      W   10  10   0     300.000  150000.000      0.38817924      0.16153546   9352.59119852
      W   12  10   0     300.000  150000.000      0.27459810      0.10709130  13341.45067996
      W   14  10   0     300.000  150000.000      0.19142171      0.06572392  19429.18337346
      W   16  10   0     300.000  150000.000      0.13059142      0.03734409  28950.87840796
      W   11  11   0     300.000  150000.000      0.27867768      0.10911625  13139.20644228
      W   13  11   0     300.000  150000.000      0.19919891      0.06953949  18637.46427705
      W   15  11   0     300.000  150000.000      0.13897160      0.04103765  27137.13404292
      W   12  12   0     300.000  150000.000      0.20187817      0.07085960  18379.18607329
      W   14  12   0     300.000  150000.000      0.14428977      0.04342618  26096.38209973
      W   16  12   0     300.000  150000.000      0.09976894      0.02465194  38263.13683685
      W   13  13   0     300.000  150000.000      0.14611361      0.04425274  25757.09352478
      W   15  13   0     300.000  150000.000      0.10346475      0.02608908  36852.48471798
      W   14  14   0     300.000  150000.000      0.10472892      0.02658647  36392.87964093
      W   10   1   1     300.000  150000.000      1.08819736      0.39945558   3392.24553090
      W   12   1   1     300.000  150000.000      0.64766722      0.26646703   5614.81008610
      W   14   1   1     300.000  150000.000      0.39483614      0.16457199   9192.70628611
      W   16   1   1     300.000  150000.000      0.24818327      0.09392068  14818.65704431
      W   18   1   1     300.000  150000.000      0.15762902      0.04955150  23798.26629528
      W   11   2   1     300.000  150000.000      0.80936875      0.32034967   4517.47226076
      W   13   2   1     300.000  150000.000      0.48947258      0.20568343   7406.37160950
      W   15   2   1     300.000  150000.000      0.30499394      0.12208514  11969.64902234
      W   17   2   1     300.000  150000.000      0.19397169      0.06697209  19162.42913524
      W   19   2   1     300.000  150000.000      0.12277000      0.03398190  30868.97904137
      W   10   3   1     300.000  150000.000      0.98232918      0.37111169   3744.69986095
      W   12   3   1     300.000  150000.000      0.59571941      0.24750114   6095.72980721
      W   14   3   1     300.000  150000.000      0.36915169      0.15275259   9842.82058732
      W   16   3   1     300.000  150000.000      0.23459523      0.08712850  15713.25838826
      W   18   3   1     300.000  150000.000      0.14984092      0.04595313  25089.68201614
      W   11   4   1     300.000  150000.000      0.70633029      0.28685630   5158.05442659
      W   13   4   1     300.000  150000.000      0.43847266      0.18400444   8269.49647985
      W   15   4   1     300.000  150000.000      0.27867768      0.10911625  13139.20644228
      W   17   4   1     300.000  150000.000      0.17927013      0.05982141  20807.06841352
      W   19   4   1     300.000  150000.000      0.11405637      0.03034329  33317.75583850
      W   10   5   1     300.000  150000.000      0.80936875      0.32034967   4517.47226076
      W   12   5   1     300.000  150000.000      0.50839428      0.21345154   7131.63389319
      W   14   5   1     300.000  150000.000      0.32449404      0.13156473  11230.24836357
      W   16   5   1     300.000  150000.000      0.21019154      0.07497107  17620.77301956
      W   18   5   1     300.000  150000.000      0.13554923      0.03951845  27850.51450774
      W    9   6   1     300.000  150000.000      0.89007370      0.34479917   4119.62218566
      W   11   6   1     300.000  150000.000      0.57196773      0.23852071   6345.36828915
      W   13   6   1     300.000  150000.000      0.36915169      0.15275259   9842.82058732
      W   15   6   1     300.000  150000.000      0.24126336      0.09046146  15261.21398292
      W   17   6   1     300.000  150000.000      0.15762902      0.04955150  23798.26629528
      W   19   6   1     300.000  150000.000      0.10098501      0.02512199  37787.54853446
      W    8   7   1     300.000  150000.000      0.93463845      0.35771266   3929.32128217
      W   10   7   1     300.000  150000.000      0.62091553      0.25681255   5852.22666101
      W   12   7   1     300.000  150000.000      0.40865396      0.17081428   8878.14336619
      W   14   7   1     300.000  150000.000      0.27059942      0.10510351  13545.84426900
      W   16   7   1     300.000  150000.000      0.17927013      0.05982141  20807.06841352
      W   18   7   1     300.000  150000.000      0.11688354      0.03151081  32483.01054953
      W    9   8   1     300.000  150000.000      0.64766722      0.26646703   5614.81008610
      W   11   8   1     300.000  150000.000      0.43847266      0.18400444   8269.49647985
      W   13   8   1     300.000  150000.000      0.29585403      0.11760140  12351.27992831
      W   15   8   1     300.000  150000.000      0.19919891      0.06953949  18637.46427705
      W   17   8   1     300.000  150000.000      0.13222115      0.03805530  28579.98499167
      W   10   9   1     300.000  150000.000      0.45457774      0.19096931   7975.22657140
      W   12   9   1     300.000  150000.000      0.31453222      0.12673752  11596.02311286
      W   14   9   1     300.000  150000.000      0.21597496      0.07784269  17128.52908617
      W   16   9   1     300.000  150000.000      0.14611361      0.04425274  25757.09352478
      W   11  10   1     300.000  150000.000      0.32449404      0.13156473  11230.24836357
      W   13  10   1     300.000  150000.000      0.22816579      0.08391727  16175.00784782
      W   15  10   1     300.000  150000.000      0.15762902      0.04955150  23798.26629528
      W   17  10   1     300.000  150000.000      0.10600963      0.02709331  35938.47399575
      W   12  11   1     300.000  150000.000      0.23459523      0.08712850  15713.25838826
      W   14  11   1     300.000  150000.000      0.16589254      0.05343017  22562.41705269
      W   16  11   1     300.000  150000.000      0.11405637      0.03034329  33317.75583850
      W   13  12   1     300.000  150000.000      0.17021518      0.05548130  21964.49614608
      W   15  12   1     300.000  150000.000      0.11978721      0.03272311  31666.90165103
      W   14  13   1     300.000  150000.000      0.12277000      0.03398190  30868.97904137
      W   10   2   2     300.000  150000.000      1.00742994      0.37800002   3654.50041286
      W   12   2   2     300.000  150000.000      0.60813018      0.25211473   5973.21443404
      W   14   2   2     300.000  150000.000      0.37534217      0.15562672   9677.63446068
      W   16   2   2     300.000  150000.000      0.23789866      0.08877949  15486.03682465
      W   18   2   2     300.000  150000.000      0.15174544      0.04682757  24761.46858203
      W   11   3   2     300.000  150000.000      0.73851522      0.29761820   4938.62884296
      W   13   3   2     300.000  150000.000      0.45457774      0.19096931   7975.22657140
      W   15   3   2     300.000  150000.000      0.28708918      0.11328035  12741.07652840
      W   17   3   2     300.000  150000.000      0.18401471      0.06211640  20246.94909087
      W   19   3   2     300.000  150000.000      0.11688354      0.03151081  32483.01054953
      W   10   4   2     300.000  150000.000      0.86888642      0.33851815   4216.91943367
      W   12   4   2     300.000  150000.000      0.53882668      0.22564540   6731.44440137
      W   14   4   2     300.000  150000.000      0.34029076      0.13914733  10695.98735601
      W   16   4   2     300.000  150000.000      0.21894270      0.07931916  16886.32308818
      W   18   4   2     300.000  150000.000      0.14071925      0.04181892  26786.35539660
      W    9   5   2     300.000  150000.000      0.98232918      0.37111169   3744.69986095
      W   11   5   2     300.000  150000.000      0.62091553      0.25681255   5852.22666101
      W   13   5   2     300.000  150000.000      0.39483614      0.16457199   9192.70628611
      W   15   5   2     300.000  150000.000      0.25536901      0.09751084  14385.37728042
      W   17   5   2     300.000  150000.000      0.16589254      0.05343017  22562.41705269
      W   19   5   2     300.000  150000.000      0.10600963      0.02709331  35938.47399575
      W    8   6   2     300.000  150000.000      1.06032448      0.39216885   3478.28248660
      W   10   6   2     300.000  150000.000      0.69097817      0.28161979   5269.99733272
      W   12   6   2     300.000  150000.000      0.44641975      0.18745514   8121.53288890
      W   14   6   2     300.000  150000.000      0.29142612      0.11542090  12545.14720328
      W   16   6   2     300.000  150000.000      0.19142171      0.06572392  19429.18337346
      W   18   6   2     300.000  150000.000      0.12429191      0.03462929  30476.69982976
      W    7   7   2     300.000  150000.000      1.08819736      0.39945558   3392.24553090
      W    9   7   2     300.000  150000.000      0.73851522      0.29761820   4938.62884296
      W   11   7   2     300.000  150000.000      0.48947258      0.20568343   7406.37160950
      W   13   7   2     300.000  150000.000      0.32449404      0.13156473  11230.24836357
      W   15   7   2     300.000  150000.000      0.21597496      0.07784269  17128.52908617
      W   17   7   2     300.000  150000.000      0.14249182      0.04261501  26439.45383260
      W    8   8   2     300.000  150000.000      0.75538679      0.30314723   4831.13572562
      W   10   8   2     300.000  150000.000      0.51825525      0.21744265   6996.65659648
      W   12   8   2     300.000  150000.000      0.35143469      0.14443996  10349.21189895
      W   14   8   2     300.000  150000.000      0.23789866      0.08877949  15486.03682465
      W   16   8   2     300.000  150000.000      0.15964882      0.05049407  23484.20051664
      W   18   8   2     300.000  150000.000      0.10472892      0.02658647  36392.87964093
      W    9   9   2     300.000  150000.000      0.52839597      0.22150684   6863.26271859
      W   11   9   2     300.000  150000.000      0.36915169      0.15275259   9842.82058732
      W   13   9   2     300.000  150000.000      0.25536901      0.09751084  14385.37728042
      W   15   9   2     300.000  150000.000      0.17467239      0.05761073  21379.48338138
      W   17   9   2     300.000  150000.000      0.11688354      0.03151081  32483.01054953
      W   10  10   2     300.000  150000.000      0.37534217      0.15562672   9677.63446068
      W   12  10   2     300.000  150000.000      0.26667934      0.10315222  13752.41013379
      W   14  10   2     300.000  150000.000      0.18644414      0.06329649  19971.40808925
      W   16  10   2     300.000  150000.000      0.12739855      0.03596116  29705.23574241
      W   11  11   2     300.000  150000.000      0.27059942      0.10510351  13545.84426900
      W   13  11   2     300.000  150000.000      0.19397169      0.06697209  19162.42913524
      W   15  11   2     300.000  150000.000      0.13554923      0.03951845  27850.51450774
      W   12  12   2     300.000  150000.000      0.19656376      0.06824380  18898.53411476
      W   14  12   2     300.000  150000.000      0.14071925      0.04181892  26786.35539660
      W   13  13   2     300.000  150000.000      0.14249182      0.04261501  26439.45383260
      W   15  13   2     300.000  150000.000      0.10098501      0.02512199  37787.54853446
      W   14  14   2     300.000  150000.000      0.10221686      0.02560098  37317.35288146
      W   10   3   3     300.000  150000.000      0.89007370      0.34479917   4119.62218566
      W   12   3   3     300.000  150000.000      0.54955807      0.22985966   6601.19406145
      W   14   3   3     300.000  150000.000      0.34579882      0.14176932  10521.67091116
      W   16   3   3     300.000  150000.000      0.22196283      0.08082340  16646.68729905
      W   18   3   3     300.000  150000.000      0.14249182      0.04261501  26439.45383260
      W    9   4   3     300.000  150000.000      1.03341556      0.38501806   3565.69758826
      W   11   4   3     300.000  150000.000      0.64766722      0.26646703   5614.81008610
      W   13   4   3     300.000  150000.000      0.40865396      0.17081428   8878.14336619
      W   15   4   3     300.000  150000.000      0.26283566      0.10123678  13961.17164167
      W   17   4   3     300.000  150000.000      0.17021518      0.05548130  21964.49614608
      W   19   4   3     300.000  150000.000      0.10862174      0.02813610  35045.01007696
      W   10   5   3     300.000  150000.000      0.73851522      0.29761820   4938.62884296
      W   12   5   3     300.000  150000.000      0.47155659      0.19819255   7687.54459734
      W   14   5   3     300.000  150000.000      0.30499394      0.12208514  11969.64902234
      W   16   5   3     300.000  150000.000      0.19919891      0.06953949  18637.46427705
      W   18   5   3     300.000  150000.000      0.12898402      0.03664613  29325.94484310
      W    9   6   3     300.000  150000.000      0.80936875      0.32034967   4517.47226076
      W   11   6   3     300.000  150000.000      0.52839597      0.22150684   6863.26271859
      W   13   6   3     300.000  150000.000      0.34579882      0.14176932  10521.67091116
      W   15   6   3     300.000  150000.000      0.22816579      0.08391727  16175.00784782
      W   17   6   3     300.000  150000.000      0.14984092      0.04595313  25089.68201614
      W    8   7   3     300.000  150000.000      0.84839099      0.33235107   4315.65626393
      W   10   7   3     300.000  150000.000      0.57196773      0.23852071   6345.36828915
      W   12   7   3     300.000  150000.000      0.38168300      0.15855403   9514.22935908
      W   14   7   3     300.000  150000.000      0.25536901      0.09751084  14385.37728042
      W   16   7   3     300.000  150000.000      0.17021518      0.05548130  21964.49614608
      W   18   7   3     300.000  150000.000      0.11130323      0.02921892  34171.59839107
      W    9   8   3     300.000  150000.000      0.59571941      0.24750114   6095.72980721
      W   11   8   3     300.000  150000.000      0.40865396      0.17081428   8878.14336619
      W   13   8   3     300.000  150000.000      0.27867768      0.10911625  13139.20644228
      W   15   8   3     300.000  150000.000      0.18891284      0.06449886  19698.83135313
      W   17   8   3     300.000  150000.000      0.12583464      0.03528896  30088.80317302
      W   10   9   3     300.000  150000.000      0.42318277      0.17728897   8570.43872603
      W   12   9   3     300.000  150000.000      0.29585403      0.11760140  12351.27992831
      W   14   9   3     300.000  150000.000      0.20460262      0.07220460  18123.66643842
      W   16   9   3     300.000  150000.000      0.13897160      0.04103765  27137.13404292
      W   11  10   3     300.000  150000.000      0.30499394      0.12208514  11969.64902234
      W   13  10   3     300.000  150000.000      0.21597496      0.07784269  17128.52908617
      W   15  10   3     300.000  150000.000      0.14984092      0.04595313  25089.68201614
      W   17  10   3     300.000  150000.000      0.10098501      0.02512199  37787.54853446
      W   12  11   3     300.000  150000.000      0.22196283      0.08082340  16646.68729905
      W   14  11   3     300.000  150000.000      0.15762902      0.04955150  23798.26629528
      W   16  11   3     300.000  150000.000      0.10862174      0.02813610  35045.01007696
      W   13  12   3     300.000  150000.000      0.16169891      0.05145448  23173.56474799
      W   15  12   3     300.000  150000.000      0.11405637      0.03034329  33317.75583850
      W   14  13   3     300.000  150000.000      0.11688354      0.03151081  32483.01054953
      W   10   4   4     300.000  150000.000      0.75538679      0.30314723   4831.13572562
      W   12   4   4     300.000  150000.000      0.48039328      0.20190394   7546.14920720
      W   14   4   4     300.000  150000.000      0.30971175      0.12438987  11781.84521788
      W   16   4   4     300.000  150000.000      0.20187817      0.07085960  18379.18607329
      W   18   4   4     300.000  150000.000      0.13059142      0.03734409  28950.87840796
      W    9   5   4     300.000  150000.000      0.84839099      0.33235107   4315.65626393
      W   11   5   4     300.000  150000.000      0.54955807      0.22985966   6601.19406145
      W   13   5   4     300.000  150000.000      0.35720254      0.14716012  10178.59422880
      W   15   5   4     300.000  150000.000      0.23459523      0.08712850  15713.25838826
      W   17   5   4     300.000  150000.000      0.15367792      0.04771857  24436.85729564
      W    8   6   4     300.000  150000.000      0.91198113      0.35119652   4023.75830823
      W   10   6   4     300.000  150000.000      0.60813018      0.25211473   5973.21443404
      W   12   6   4     300.000  150000.000      0.40165915      0.16766459   9034.56131616
      W   14   6   4     300.000  150000.000      0.26667934      0.10315222  13752.41013379
      W   16   6   4     300.000  150000.000      0.17695331      0.05870573  21091.72024813
      W   18   6   4     300.000  150000.000      0.11546055      0.03092155  32898.02509569
      W    7   7   4     300.000  150000.000      0.93463845      0.35771266   3929.32128217
      W    9   7   4     300.000  150000.000      0.64766722      0.26646703   5614.81008610
      W   11   7   4     300.000  150000.000      0.43847266      0.18400444   8269.49647985
      W   13   7   4     300.000  150000.000      0.29585403      0.11760140  12351.27992831
      W   15   7   4     300.000  150000.000      0.19919891      0.06953949  18637.46427705
      W   17   7   4     300.000  150000.000      0.13222115      0.03805530  28579.98499167
      W    8   8   4     300.000  150000.000      0.66166371      0.27142684   5498.36977258
      W   10   8   4     300.000  150000.000      0.46295410      0.19454806   7830.56715221
      W   12   8   4     300.000  150000.000      0.31945854      0.12912888  11412.16369169
      W   14   8   4     300.000  150000.000      0.21894270      0.07931916  16886.32308818
      W   16   8   4     300.000  150000.000      0.14796382      0.04509496  25421.54200756
      W    9   9   4     300.000  150000.000      0.47155659      0.19819255   7687.54459734
      W   11   9   4     300.000  150000.000      0.33490650      0.13657313  10872.17773441
      W   13   9   4     300.000  150000.000      0.23459523      0.08712850  15713.25838826
      W   15   9   4     300.000  150000.000      0.16169891      0.05145448  23173.56474799
      W   17   9   4     300.000  150000.000      0.10862174      0.02813610  35045.01007696
      W   10  10   4     300.000  150000.000      0.34029076      0.13914733  10695.98735601
      W   12  10   4     300.000  150000.000      0.24469099      0.09217500  15038.76289388
      W   14  10   4     300.000  150000.000      0.17242660      0.05653605  21670.39583583
      W   16  10   4     300.000  150000.000      0.11832565      0.03211125  32072.65493269
      W   11  11   4     300.000  150000.000      0.24818327      0.09392068  14818.65704431
      W   13  11   4     300.000  150000.000      0.17927013      0.05982141  20807.06841352
      W   15  11   4     300.000  150000.000      0.12583464      0.03528896  30088.80317302
      W   12  12   4     300.000  150000.000      0.18162365      0.06095817  20525.49036380
      W   14  12   4     300.000  150000.000      0.13059142      0.03734409  28950.87840796
      W   13  13   4     300.000  150000.000      0.13222115      0.03805530  28579.98499167
